year,month,value,mode,site_code,indicateur,sous_indicateur,unite
2011,1,136000.0,normal,PLF,Crédit d'investissement,Informatique,€
2011,2,108800.0,normal,PLF,Crédit d'investissement,Informatique,€
2011,3,95200.0,normal,PLF,Crédit d'investissement,Informatique,€
2011,4,81600.0,normal,PLF,Crédit d'investissement,Informatique,€
2011,5,68000.0,normal,PLF,Crédit d'investissement,Informatique,€
2011,6,108800.0,normal,PLF,Crédit d'investissement,Informatique,€
2011,7,95200.0,normal,PLF,Crédit d'investissement,Informatique,€
2011,8,122400.0,normal,PLF,Crédit d'investissement,Informatique,€
2011,9,108800.0,normal,PLF,Crédit d'investissement,Informatique,€
2011,10,122400.0,normal,PLF,Crédit d'investissement,Informatique,€
2011,11,136000.0,normal,PLF,Crédit d'investissement,Informatique,€
2011,12,176800.0,normal,PLF,Crédit d'investissement,Informatique,€
2011,1,108800.0,crise,PLF,Crédit d'investissement,Informatique,€
2011,2,122400.0,crise,PLF,Crédit d'investissement,Informatique,€
2011,3,190400.0,crise,PLF,Crédit d'investissement,Informatique,€
2011,4,176800.0,crise,PLF,Crédit d'investissement,Informatique,€
2011,5,108800.0,crise,PLF,Crédit d'investissement,Informatique,€
2011,6,40800.0,crise,PLF,Crédit d'investissement,Informatique,€
2011,7,81600.0,crise,PLF,Crédit d'investissement,Informatique,€
2011,8,176800.0,crise,PLF,Crédit d'investissement,Informatique,€
2011,9,81600.0,crise,PLF,Crédit d'investissement,Informatique,€
2011,10,68000.0,crise,PLF,Crédit d'investissement,Informatique,€
2011,11,95200.0,crise,PLF,Crédit d'investissement,Informatique,€
2011,12,108800.0,crise,PLF,Crédit d'investissement,Informatique,€
2011,1,136000.0,normal,CFX,Crédit d'investissement,Informatique,€
2011,2,108800.0,normal,CFX,Crédit d'investissement,Informatique,€
2011,3,95200.0,normal,CFX,Crédit d'investissement,Informatique,€
2011,4,81600.0,normal,CFX,Crédit d'investissement,Informatique,€
2011,5,68000.0,normal,CFX,Crédit d'investissement,Informatique,€
2011,6,108800.0,normal,CFX,Crédit d'investissement,Informatique,€
2011,7,95200.0,normal,CFX,Crédit d'investissement,Informatique,€
2011,8,122400.0,normal,CFX,Crédit d'investissement,Informatique,€
2011,9,108800.0,normal,CFX,Crédit d'investissement,Informatique,€
2011,10,122400.0,normal,CFX,Crédit d'investissement,Informatique,€
2011,11,136000.0,normal,CFX,Crédit d'investissement,Informatique,€
2011,12,176800.0,normal,CFX,Crédit d'investissement,Informatique,€
2011,1,108800.0,crise,CFX,Crédit d'investissement,Informatique,€
2011,2,122400.0,crise,CFX,Crédit d'investissement,Informatique,€
2011,3,190400.0,crise,CFX,Crédit d'investissement,Informatique,€
2011,4,176800.0,crise,CFX,Crédit d'investissement,Informatique,€
2011,5,108800.0,crise,CFX,Crédit d'investissement,Informatique,€
2011,6,40800.0,crise,CFX,Crédit d'investissement,Informatique,€
2011,7,81600.0,crise,CFX,Crédit d'investissement,Informatique,€
2011,8,176800.0,crise,CFX,Crédit d'investissement,Informatique,€
2011,9,81600.0,crise,CFX,Crédit d'investissement,Informatique,€
2011,10,68000.0,crise,CFX,Crédit d'investissement,Informatique,€
2011,11,95200.0,crise,CFX,Crédit d'investissement,Informatique,€
2011,12,108800.0,crise,CFX,Crédit d'investissement,Informatique,€
2012,1,136000.0,normal,PLF,Crédit d'investissement,Informatique,€
2012,2,108800.0,normal,PLF,Crédit d'investissement,Informatique,€
2012,3,95200.0,normal,PLF,Crédit d'investissement,Informatique,€
2012,4,81600.0,normal,PLF,Crédit d'investissement,Informatique,€
2012,5,68000.0,normal,PLF,Crédit d'investissement,Informatique,€
2012,6,108800.0,normal,PLF,Crédit d'investissement,Informatique,€
2012,7,95200.0,normal,PLF,Crédit d'investissement,Informatique,€
2012,8,122400.0,normal,PLF,Crédit d'investissement,Informatique,€
2012,9,108800.0,normal,PLF,Crédit d'investissement,Informatique,€
2012,10,122400.0,normal,PLF,Crédit d'investissement,Informatique,€
2012,11,136000.0,normal,PLF,Crédit d'investissement,Informatique,€
2012,12,176800.0,normal,PLF,Crédit d'investissement,Informatique,€
2012,1,108800.0,crise,PLF,Crédit d'investissement,Informatique,€
2012,2,122400.0,crise,PLF,Crédit d'investissement,Informatique,€
2012,3,190400.0,crise,PLF,Crédit d'investissement,Informatique,€
2012,4,176800.0,crise,PLF,Crédit d'investissement,Informatique,€
2012,5,108800.0,crise,PLF,Crédit d'investissement,Informatique,€
2012,6,40800.0,crise,PLF,Crédit d'investissement,Informatique,€
2012,7,81600.0,crise,PLF,Crédit d'investissement,Informatique,€
2012,8,176800.0,crise,PLF,Crédit d'investissement,Informatique,€
2012,9,81600.0,crise,PLF,Crédit d'investissement,Informatique,€
2012,10,68000.0,crise,PLF,Crédit d'investissement,Informatique,€
2012,11,95200.0,crise,PLF,Crédit d'investissement,Informatique,€
2012,12,108800.0,crise,PLF,Crédit d'investissement,Informatique,€
2012,1,136000.0,normal,CFX,Crédit d'investissement,Informatique,€
2012,2,108800.0,normal,CFX,Crédit d'investissement,Informatique,€
2012,3,95200.0,normal,CFX,Crédit d'investissement,Informatique,€
2012,4,81600.0,normal,CFX,Crédit d'investissement,Informatique,€
2012,5,68000.0,normal,CFX,Crédit d'investissement,Informatique,€
2012,6,108800.0,normal,CFX,Crédit d'investissement,Informatique,€
2012,7,95200.0,normal,CFX,Crédit d'investissement,Informatique,€
2012,8,122400.0,normal,CFX,Crédit d'investissement,Informatique,€
2012,9,108800.0,normal,CFX,Crédit d'investissement,Informatique,€
2012,10,122400.0,normal,CFX,Crédit d'investissement,Informatique,€
2012,11,136000.0,normal,CFX,Crédit d'investissement,Informatique,€
2012,12,176800.0,normal,CFX,Crédit d'investissement,Informatique,€
2012,1,108800.0,crise,CFX,Crédit d'investissement,Informatique,€
2012,2,122400.0,crise,CFX,Crédit d'investissement,Informatique,€
2012,3,190400.0,crise,CFX,Crédit d'investissement,Informatique,€
2012,4,176800.0,crise,CFX,Crédit d'investissement,Informatique,€
2012,5,108800.0,crise,CFX,Crédit d'investissement,Informatique,€
2012,6,40800.0,crise,CFX,Crédit d'investissement,Informatique,€
2012,7,81600.0,crise,CFX,Crédit d'investissement,Informatique,€
2012,8,176800.0,crise,CFX,Crédit d'investissement,Informatique,€
2012,9,81600.0,crise,CFX,Crédit d'investissement,Informatique,€
2012,10,68000.0,crise,CFX,Crédit d'investissement,Informatique,€
2012,11,95200.0,crise,CFX,Crédit d'investissement,Informatique,€
2012,12,108800.0,crise,CFX,Crédit d'investissement,Informatique,€
2013,1,136000.0,normal,PLF,Crédit d'investissement,Informatique,€
2013,2,108800.0,normal,PLF,Crédit d'investissement,Informatique,€
2013,3,95200.0,normal,PLF,Crédit d'investissement,Informatique,€
2013,4,81600.0,normal,PLF,Crédit d'investissement,Informatique,€
2013,5,68000.0,normal,PLF,Crédit d'investissement,Informatique,€
2013,6,108800.0,normal,PLF,Crédit d'investissement,Informatique,€
2013,7,95200.0,normal,PLF,Crédit d'investissement,Informatique,€
2013,8,122400.0,normal,PLF,Crédit d'investissement,Informatique,€
2013,9,108800.0,normal,PLF,Crédit d'investissement,Informatique,€
2013,10,122400.0,normal,PLF,Crédit d'investissement,Informatique,€
2013,11,136000.0,normal,PLF,Crédit d'investissement,Informatique,€
2013,12,176800.0,normal,PLF,Crédit d'investissement,Informatique,€
2013,1,108800.0,crise,PLF,Crédit d'investissement,Informatique,€
2013,2,122400.0,crise,PLF,Crédit d'investissement,Informatique,€
2013,3,190400.0,crise,PLF,Crédit d'investissement,Informatique,€
2013,4,176800.0,crise,PLF,Crédit d'investissement,Informatique,€
2013,5,108800.0,crise,PLF,Crédit d'investissement,Informatique,€
2013,6,40800.0,crise,PLF,Crédit d'investissement,Informatique,€
2013,7,81600.0,crise,PLF,Crédit d'investissement,Informatique,€
2013,8,176800.0,crise,PLF,Crédit d'investissement,Informatique,€
2013,9,81600.0,crise,PLF,Crédit d'investissement,Informatique,€
2013,10,68000.0,crise,PLF,Crédit d'investissement,Informatique,€
2013,11,95200.0,crise,PLF,Crédit d'investissement,Informatique,€
2013,12,108800.0,crise,PLF,Crédit d'investissement,Informatique,€
2013,1,136000.0,normal,CFX,Crédit d'investissement,Informatique,€
2013,2,108800.0,normal,CFX,Crédit d'investissement,Informatique,€
2013,3,95200.0,normal,CFX,Crédit d'investissement,Informatique,€
2013,4,81600.0,normal,CFX,Crédit d'investissement,Informatique,€
2013,5,68000.0,normal,CFX,Crédit d'investissement,Informatique,€
2013,6,108800.0,normal,CFX,Crédit d'investissement,Informatique,€
2013,7,95200.0,normal,CFX,Crédit d'investissement,Informatique,€
2013,8,122400.0,normal,CFX,Crédit d'investissement,Informatique,€
2013,9,108800.0,normal,CFX,Crédit d'investissement,Informatique,€
2013,10,122400.0,normal,CFX,Crédit d'investissement,Informatique,€
2013,11,136000.0,normal,CFX,Crédit d'investissement,Informatique,€
2013,12,176800.0,normal,CFX,Crédit d'investissement,Informatique,€
2013,1,108800.0,crise,CFX,Crédit d'investissement,Informatique,€
2013,2,122400.0,crise,CFX,Crédit d'investissement,Informatique,€
2013,3,190400.0,crise,CFX,Crédit d'investissement,Informatique,€
2013,4,176800.0,crise,CFX,Crédit d'investissement,Informatique,€
2013,5,108800.0,crise,CFX,Crédit d'investissement,Informatique,€
2013,6,40800.0,crise,CFX,Crédit d'investissement,Informatique,€
2013,7,81600.0,crise,CFX,Crédit d'investissement,Informatique,€
2013,8,176800.0,crise,CFX,Crédit d'investissement,Informatique,€
2013,9,81600.0,crise,CFX,Crédit d'investissement,Informatique,€
2013,10,68000.0,crise,CFX,Crédit d'investissement,Informatique,€
2013,11,95200.0,crise,CFX,Crédit d'investissement,Informatique,€
2013,12,108800.0,crise,CFX,Crédit d'investissement,Informatique,€
2014,1,136000.0,normal,PLF,Crédit d'investissement,Informatique,€
2014,2,108800.0,normal,PLF,Crédit d'investissement,Informatique,€
2014,3,95200.0,normal,PLF,Crédit d'investissement,Informatique,€
2014,4,81600.0,normal,PLF,Crédit d'investissement,Informatique,€
2014,5,68000.0,normal,PLF,Crédit d'investissement,Informatique,€
2014,6,108800.0,normal,PLF,Crédit d'investissement,Informatique,€
2014,7,95200.0,normal,PLF,Crédit d'investissement,Informatique,€
2014,8,122400.0,normal,PLF,Crédit d'investissement,Informatique,€
2014,9,108800.0,normal,PLF,Crédit d'investissement,Informatique,€
2014,10,122400.0,normal,PLF,Crédit d'investissement,Informatique,€
2014,11,136000.0,normal,PLF,Crédit d'investissement,Informatique,€
2014,12,176800.0,normal,PLF,Crédit d'investissement,Informatique,€
2014,1,108800.0,crise,PLF,Crédit d'investissement,Informatique,€
2014,2,122400.0,crise,PLF,Crédit d'investissement,Informatique,€
2014,3,190400.0,crise,PLF,Crédit d'investissement,Informatique,€
2014,4,176800.0,crise,PLF,Crédit d'investissement,Informatique,€
2014,5,108800.0,crise,PLF,Crédit d'investissement,Informatique,€
2014,6,40800.0,crise,PLF,Crédit d'investissement,Informatique,€
2014,7,81600.0,crise,PLF,Crédit d'investissement,Informatique,€
2014,8,176800.0,crise,PLF,Crédit d'investissement,Informatique,€
2014,9,81600.0,crise,PLF,Crédit d'investissement,Informatique,€
2014,10,68000.0,crise,PLF,Crédit d'investissement,Informatique,€
2014,11,95200.0,crise,PLF,Crédit d'investissement,Informatique,€
2014,12,108800.0,crise,PLF,Crédit d'investissement,Informatique,€
2014,1,136000.0,normal,CFX,Crédit d'investissement,Informatique,€
2014,2,108800.0,normal,CFX,Crédit d'investissement,Informatique,€
2014,3,95200.0,normal,CFX,Crédit d'investissement,Informatique,€
2014,4,81600.0,normal,CFX,Crédit d'investissement,Informatique,€
2014,5,68000.0,normal,CFX,Crédit d'investissement,Informatique,€
2014,6,108800.0,normal,CFX,Crédit d'investissement,Informatique,€
2014,7,95200.0,normal,CFX,Crédit d'investissement,Informatique,€
2014,8,122400.0,normal,CFX,Crédit d'investissement,Informatique,€
2014,9,108800.0,normal,CFX,Crédit d'investissement,Informatique,€
2014,10,122400.0,normal,CFX,Crédit d'investissement,Informatique,€
2014,11,136000.0,normal,CFX,Crédit d'investissement,Informatique,€
2014,12,176800.0,normal,CFX,Crédit d'investissement,Informatique,€
2014,1,108800.0,crise,CFX,Crédit d'investissement,Informatique,€
2014,2,122400.0,crise,CFX,Crédit d'investissement,Informatique,€
2014,3,190400.0,crise,CFX,Crédit d'investissement,Informatique,€
2014,4,176800.0,crise,CFX,Crédit d'investissement,Informatique,€
2014,5,108800.0,crise,CFX,Crédit d'investissement,Informatique,€
2014,6,40800.0,crise,CFX,Crédit d'investissement,Informatique,€
2014,7,81600.0,crise,CFX,Crédit d'investissement,Informatique,€
2014,8,176800.0,crise,CFX,Crédit d'investissement,Informatique,€
2014,9,81600.0,crise,CFX,Crédit d'investissement,Informatique,€
2014,10,68000.0,crise,CFX,Crédit d'investissement,Informatique,€
2014,11,95200.0,crise,CFX,Crédit d'investissement,Informatique,€
2014,12,108800.0,crise,CFX,Crédit d'investissement,Informatique,€
2015,1,136000.0,normal,PLF,Crédit d'investissement,Informatique,€
2015,2,108800.0,normal,PLF,Crédit d'investissement,Informatique,€
2015,3,95200.0,normal,PLF,Crédit d'investissement,Informatique,€
2015,4,81600.0,normal,PLF,Crédit d'investissement,Informatique,€
2015,5,68000.0,normal,PLF,Crédit d'investissement,Informatique,€
2015,6,108800.0,normal,PLF,Crédit d'investissement,Informatique,€
2015,7,95200.0,normal,PLF,Crédit d'investissement,Informatique,€
2015,8,122400.0,normal,PLF,Crédit d'investissement,Informatique,€
2015,9,108800.0,normal,PLF,Crédit d'investissement,Informatique,€
2015,10,122400.0,normal,PLF,Crédit d'investissement,Informatique,€
2015,11,136000.0,normal,PLF,Crédit d'investissement,Informatique,€
2015,12,176800.0,normal,PLF,Crédit d'investissement,Informatique,€
2015,1,108800.0,crise,PLF,Crédit d'investissement,Informatique,€
2015,2,122400.0,crise,PLF,Crédit d'investissement,Informatique,€
2015,3,190400.0,crise,PLF,Crédit d'investissement,Informatique,€
2015,4,176800.0,crise,PLF,Crédit d'investissement,Informatique,€
2015,5,108800.0,crise,PLF,Crédit d'investissement,Informatique,€
2015,6,40800.0,crise,PLF,Crédit d'investissement,Informatique,€
2015,7,81600.0,crise,PLF,Crédit d'investissement,Informatique,€
2015,8,176800.0,crise,PLF,Crédit d'investissement,Informatique,€
2015,9,81600.0,crise,PLF,Crédit d'investissement,Informatique,€
2015,10,68000.0,crise,PLF,Crédit d'investissement,Informatique,€
2015,11,95200.0,crise,PLF,Crédit d'investissement,Informatique,€
2015,12,108800.0,crise,PLF,Crédit d'investissement,Informatique,€
2015,1,136000.0,normal,CFX,Crédit d'investissement,Informatique,€
2015,2,108800.0,normal,CFX,Crédit d'investissement,Informatique,€
2015,3,95200.0,normal,CFX,Crédit d'investissement,Informatique,€
2015,4,81600.0,normal,CFX,Crédit d'investissement,Informatique,€
2015,5,68000.0,normal,CFX,Crédit d'investissement,Informatique,€
2015,6,108800.0,normal,CFX,Crédit d'investissement,Informatique,€
2015,7,95200.0,normal,CFX,Crédit d'investissement,Informatique,€
2015,8,122400.0,normal,CFX,Crédit d'investissement,Informatique,€
2015,9,108800.0,normal,CFX,Crédit d'investissement,Informatique,€
2015,10,122400.0,normal,CFX,Crédit d'investissement,Informatique,€
2015,11,136000.0,normal,CFX,Crédit d'investissement,Informatique,€
2015,12,176800.0,normal,CFX,Crédit d'investissement,Informatique,€
2015,1,108800.0,crise,CFX,Crédit d'investissement,Informatique,€
2015,2,122400.0,crise,CFX,Crédit d'investissement,Informatique,€
2015,3,190400.0,crise,CFX,Crédit d'investissement,Informatique,€
2015,4,176800.0,crise,CFX,Crédit d'investissement,Informatique,€
2015,5,108800.0,crise,CFX,Crédit d'investissement,Informatique,€
2015,6,40800.0,crise,CFX,Crédit d'investissement,Informatique,€
2015,7,81600.0,crise,CFX,Crédit d'investissement,Informatique,€
2015,8,176800.0,crise,CFX,Crédit d'investissement,Informatique,€
2015,9,81600.0,crise,CFX,Crédit d'investissement,Informatique,€
2015,10,68000.0,crise,CFX,Crédit d'investissement,Informatique,€
2015,11,95200.0,crise,CFX,Crédit d'investissement,Informatique,€
2015,12,108800.0,crise,CFX,Crédit d'investissement,Informatique,€
2016,1,136000.0,normal,PLF,Crédit d'investissement,Informatique,€
2016,2,108800.0,normal,PLF,Crédit d'investissement,Informatique,€
2016,3,95200.0,normal,PLF,Crédit d'investissement,Informatique,€
2016,4,81600.0,normal,PLF,Crédit d'investissement,Informatique,€
2016,5,68000.0,normal,PLF,Crédit d'investissement,Informatique,€
2016,6,108800.0,normal,PLF,Crédit d'investissement,Informatique,€
2016,7,95200.0,normal,PLF,Crédit d'investissement,Informatique,€
2016,8,122400.0,normal,PLF,Crédit d'investissement,Informatique,€
2016,9,108800.0,normal,PLF,Crédit d'investissement,Informatique,€
2016,10,122400.0,normal,PLF,Crédit d'investissement,Informatique,€
2016,11,136000.0,normal,PLF,Crédit d'investissement,Informatique,€
2016,12,176800.0,normal,PLF,Crédit d'investissement,Informatique,€
2016,1,108800.0,crise,PLF,Crédit d'investissement,Informatique,€
2016,2,122400.0,crise,PLF,Crédit d'investissement,Informatique,€
2016,3,190400.0,crise,PLF,Crédit d'investissement,Informatique,€
2016,4,176800.0,crise,PLF,Crédit d'investissement,Informatique,€
2016,5,108800.0,crise,PLF,Crédit d'investissement,Informatique,€
2016,6,40800.0,crise,PLF,Crédit d'investissement,Informatique,€
2016,7,81600.0,crise,PLF,Crédit d'investissement,Informatique,€
2016,8,176800.0,crise,PLF,Crédit d'investissement,Informatique,€
2016,9,81600.0,crise,PLF,Crédit d'investissement,Informatique,€
2016,10,68000.0,crise,PLF,Crédit d'investissement,Informatique,€
2016,11,95200.0,crise,PLF,Crédit d'investissement,Informatique,€
2016,12,108800.0,crise,PLF,Crédit d'investissement,Informatique,€
2016,1,136000.0,normal,CFX,Crédit d'investissement,Informatique,€
2016,2,108800.0,normal,CFX,Crédit d'investissement,Informatique,€
2016,3,95200.0,normal,CFX,Crédit d'investissement,Informatique,€
2016,4,81600.0,normal,CFX,Crédit d'investissement,Informatique,€
2016,5,68000.0,normal,CFX,Crédit d'investissement,Informatique,€
2016,6,108800.0,normal,CFX,Crédit d'investissement,Informatique,€
2016,7,95200.0,normal,CFX,Crédit d'investissement,Informatique,€
2016,8,122400.0,normal,CFX,Crédit d'investissement,Informatique,€
2016,9,108800.0,normal,CFX,Crédit d'investissement,Informatique,€
2016,10,122400.0,normal,CFX,Crédit d'investissement,Informatique,€
2016,11,136000.0,normal,CFX,Crédit d'investissement,Informatique,€
2016,12,176800.0,normal,CFX,Crédit d'investissement,Informatique,€
2016,1,108800.0,crise,CFX,Crédit d'investissement,Informatique,€
2016,2,122400.0,crise,CFX,Crédit d'investissement,Informatique,€
2016,3,190400.0,crise,CFX,Crédit d'investissement,Informatique,€
2016,4,176800.0,crise,CFX,Crédit d'investissement,Informatique,€
2016,5,108800.0,crise,CFX,Crédit d'investissement,Informatique,€
2016,6,40800.0,crise,CFX,Crédit d'investissement,Informatique,€
2016,7,81600.0,crise,CFX,Crédit d'investissement,Informatique,€
2016,8,176800.0,crise,CFX,Crédit d'investissement,Informatique,€
2016,9,81600.0,crise,CFX,Crédit d'investissement,Informatique,€
2016,10,68000.0,crise,CFX,Crédit d'investissement,Informatique,€
2016,11,95200.0,crise,CFX,Crédit d'investissement,Informatique,€
2016,12,108800.0,crise,CFX,Crédit d'investissement,Informatique,€
2011,1,1229500.0,normal,PLF,Crédit d'investissement,Travaux déconcentrés,€
2011,2,983600.0,normal,PLF,Crédit d'investissement,Travaux déconcentrés,€
2011,3,860650.0,normal,PLF,Crédit d'investissement,Travaux déconcentrés,€
2011,4,737700.0,normal,PLF,Crédit d'investissement,Travaux déconcentrés,€
2011,5,614750.0,normal,PLF,Crédit d'investissement,Travaux déconcentrés,€
2011,6,983600.0,normal,PLF,Crédit d'investissement,Travaux déconcentrés,€
2011,7,860650.0,normal,PLF,Crédit d'investissement,Travaux déconcentrés,€
2011,8,1106550.0,normal,PLF,Crédit d'investissement,Travaux déconcentrés,€
2011,9,983600.0,normal,PLF,Crédit d'investissement,Travaux déconcentrés,€
2011,10,1106550.0,normal,PLF,Crédit d'investissement,Travaux déconcentrés,€
2011,11,1229500.0,normal,PLF,Crédit d'investissement,Travaux déconcentrés,€
2011,12,1598350.0,normal,PLF,Crédit d'investissement,Travaux déconcentrés,€
2011,1,983600.0,crise,PLF,Crédit d'investissement,Travaux déconcentrés,€
2011,2,1106550.0,crise,PLF,Crédit d'investissement,Travaux déconcentrés,€
2011,3,1721300.0,crise,PLF,Crédit d'investissement,Travaux déconcentrés,€
2011,4,1598350.0,crise,PLF,Crédit d'investissement,Travaux déconcentrés,€
2011,5,983600.0,crise,PLF,Crédit d'investissement,Travaux déconcentrés,€
2011,6,368850.0,crise,PLF,Crédit d'investissement,Travaux déconcentrés,€
2011,7,737700.0,crise,PLF,Crédit d'investissement,Travaux déconcentrés,€
2011,8,1598350.0,crise,PLF,Crédit d'investissement,Travaux déconcentrés,€
2011,9,737700.0,crise,PLF,Crédit d'investissement,Travaux déconcentrés,€
2011,10,614750.0,crise,PLF,Crédit d'investissement,Travaux déconcentrés,€
2011,11,860650.0,crise,PLF,Crédit d'investissement,Travaux déconcentrés,€
2011,12,983600.0,crise,PLF,Crédit d'investissement,Travaux déconcentrés,€
2011,1,1229500.0,normal,CFX,Crédit d'investissement,Travaux déconcentrés,€
2011,2,983600.0,normal,CFX,Crédit d'investissement,Travaux déconcentrés,€
2011,3,860650.0,normal,CFX,Crédit d'investissement,Travaux déconcentrés,€
2011,4,737700.0,normal,CFX,Crédit d'investissement,Travaux déconcentrés,€
2011,5,614750.0,normal,CFX,Crédit d'investissement,Travaux déconcentrés,€
2011,6,983600.0,normal,CFX,Crédit d'investissement,Travaux déconcentrés,€
2011,7,860650.0,normal,CFX,Crédit d'investissement,Travaux déconcentrés,€
2011,8,1106550.0,normal,CFX,Crédit d'investissement,Travaux déconcentrés,€
2011,9,983600.0,normal,CFX,Crédit d'investissement,Travaux déconcentrés,€
2011,10,1106550.0,normal,CFX,Crédit d'investissement,Travaux déconcentrés,€
2011,11,1229500.0,normal,CFX,Crédit d'investissement,Travaux déconcentrés,€
2011,12,1598350.0,normal,CFX,Crédit d'investissement,Travaux déconcentrés,€
2011,1,983600.0,crise,CFX,Crédit d'investissement,Travaux déconcentrés,€
2011,2,1106550.0,crise,CFX,Crédit d'investissement,Travaux déconcentrés,€
2011,3,1721300.0,crise,CFX,Crédit d'investissement,Travaux déconcentrés,€
2011,4,1598350.0,crise,CFX,Crédit d'investissement,Travaux déconcentrés,€
2011,5,983600.0,crise,CFX,Crédit d'investissement,Travaux déconcentrés,€
2011,6,368850.0,crise,CFX,Crédit d'investissement,Travaux déconcentrés,€
2011,7,737700.0,crise,CFX,Crédit d'investissement,Travaux déconcentrés,€
2011,8,1598350.0,crise,CFX,Crédit d'investissement,Travaux déconcentrés,€
2011,9,737700.0,crise,CFX,Crédit d'investissement,Travaux déconcentrés,€
2011,10,614750.0,crise,CFX,Crédit d'investissement,Travaux déconcentrés,€
2011,11,860650.0,crise,CFX,Crédit d'investissement,Travaux déconcentrés,€
2011,12,983600.0,crise,CFX,Crédit d'investissement,Travaux déconcentrés,€
2012,1,1229500.0,normal,PLF,Crédit d'investissement,Travaux déconcentrés,€
2012,2,983600.0,normal,PLF,Crédit d'investissement,Travaux déconcentrés,€
2012,3,860650.0,normal,PLF,Crédit d'investissement,Travaux déconcentrés,€
2012,4,737700.0,normal,PLF,Crédit d'investissement,Travaux déconcentrés,€
2012,5,614750.0,normal,PLF,Crédit d'investissement,Travaux déconcentrés,€
2012,6,983600.0,normal,PLF,Crédit d'investissement,Travaux déconcentrés,€
2012,7,860650.0,normal,PLF,Crédit d'investissement,Travaux déconcentrés,€
2012,8,1106550.0,normal,PLF,Crédit d'investissement,Travaux déconcentrés,€
2012,9,983600.0,normal,PLF,Crédit d'investissement,Travaux déconcentrés,€
2012,10,1106550.0,normal,PLF,Crédit d'investissement,Travaux déconcentrés,€
2012,11,1229500.0,normal,PLF,Crédit d'investissement,Travaux déconcentrés,€
2012,12,1598350.0,normal,PLF,Crédit d'investissement,Travaux déconcentrés,€
2012,1,983600.0,crise,PLF,Crédit d'investissement,Travaux déconcentrés,€
2012,2,1106550.0,crise,PLF,Crédit d'investissement,Travaux déconcentrés,€
2012,3,1721300.0,crise,PLF,Crédit d'investissement,Travaux déconcentrés,€
2012,4,1598350.0,crise,PLF,Crédit d'investissement,Travaux déconcentrés,€
2012,5,983600.0,crise,PLF,Crédit d'investissement,Travaux déconcentrés,€
2012,6,368850.0,crise,PLF,Crédit d'investissement,Travaux déconcentrés,€
2012,7,737700.0,crise,PLF,Crédit d'investissement,Travaux déconcentrés,€
2012,8,1598350.0,crise,PLF,Crédit d'investissement,Travaux déconcentrés,€
2012,9,737700.0,crise,PLF,Crédit d'investissement,Travaux déconcentrés,€
2012,10,614750.0,crise,PLF,Crédit d'investissement,Travaux déconcentrés,€
2012,11,860650.0,crise,PLF,Crédit d'investissement,Travaux déconcentrés,€
2012,12,983600.0,crise,PLF,Crédit d'investissement,Travaux déconcentrés,€
2012,1,1229500.0,normal,CFX,Crédit d'investissement,Travaux déconcentrés,€
2012,2,983600.0,normal,CFX,Crédit d'investissement,Travaux déconcentrés,€
2012,3,860650.0,normal,CFX,Crédit d'investissement,Travaux déconcentrés,€
2012,4,737700.0,normal,CFX,Crédit d'investissement,Travaux déconcentrés,€
2012,5,614750.0,normal,CFX,Crédit d'investissement,Travaux déconcentrés,€
2012,6,983600.0,normal,CFX,Crédit d'investissement,Travaux déconcentrés,€
2012,7,860650.0,normal,CFX,Crédit d'investissement,Travaux déconcentrés,€
2012,8,1106550.0,normal,CFX,Crédit d'investissement,Travaux déconcentrés,€
2012,9,983600.0,normal,CFX,Crédit d'investissement,Travaux déconcentrés,€
2012,10,1106550.0,normal,CFX,Crédit d'investissement,Travaux déconcentrés,€
2012,11,1229500.0,normal,CFX,Crédit d'investissement,Travaux déconcentrés,€
2012,12,1598350.0,normal,CFX,Crédit d'investissement,Travaux déconcentrés,€
2012,1,983600.0,crise,CFX,Crédit d'investissement,Travaux déconcentrés,€
2012,2,1106550.0,crise,CFX,Crédit d'investissement,Travaux déconcentrés,€
2012,3,1721300.0,crise,CFX,Crédit d'investissement,Travaux déconcentrés,€
2012,4,1598350.0,crise,CFX,Crédit d'investissement,Travaux déconcentrés,€
2012,5,983600.0,crise,CFX,Crédit d'investissement,Travaux déconcentrés,€
2012,6,368850.0,crise,CFX,Crédit d'investissement,Travaux déconcentrés,€
2012,7,737700.0,crise,CFX,Crédit d'investissement,Travaux déconcentrés,€
2012,8,1598350.0,crise,CFX,Crédit d'investissement,Travaux déconcentrés,€
2012,9,737700.0,crise,CFX,Crédit d'investissement,Travaux déconcentrés,€
2012,10,614750.0,crise,CFX,Crédit d'investissement,Travaux déconcentrés,€
2012,11,860650.0,crise,CFX,Crédit d'investissement,Travaux déconcentrés,€
2012,12,983600.0,crise,CFX,Crédit d'investissement,Travaux déconcentrés,€
2013,1,1229500.0,normal,PLF,Crédit d'investissement,Travaux déconcentrés,€
2013,2,983600.0,normal,PLF,Crédit d'investissement,Travaux déconcentrés,€
2013,3,860650.0,normal,PLF,Crédit d'investissement,Travaux déconcentrés,€
2013,4,737700.0,normal,PLF,Crédit d'investissement,Travaux déconcentrés,€
2013,5,614750.0,normal,PLF,Crédit d'investissement,Travaux déconcentrés,€
2013,6,983600.0,normal,PLF,Crédit d'investissement,Travaux déconcentrés,€
2013,7,860650.0,normal,PLF,Crédit d'investissement,Travaux déconcentrés,€
2013,8,1106550.0,normal,PLF,Crédit d'investissement,Travaux déconcentrés,€
2013,9,983600.0,normal,PLF,Crédit d'investissement,Travaux déconcentrés,€
2013,10,1106550.0,normal,PLF,Crédit d'investissement,Travaux déconcentrés,€
2013,11,1229500.0,normal,PLF,Crédit d'investissement,Travaux déconcentrés,€
2013,12,1598350.0,normal,PLF,Crédit d'investissement,Travaux déconcentrés,€
2013,1,983600.0,crise,PLF,Crédit d'investissement,Travaux déconcentrés,€
2013,2,1106550.0,crise,PLF,Crédit d'investissement,Travaux déconcentrés,€
2013,3,1721300.0,crise,PLF,Crédit d'investissement,Travaux déconcentrés,€
2013,4,1598350.0,crise,PLF,Crédit d'investissement,Travaux déconcentrés,€
2013,5,983600.0,crise,PLF,Crédit d'investissement,Travaux déconcentrés,€
2013,6,368850.0,crise,PLF,Crédit d'investissement,Travaux déconcentrés,€
2013,7,737700.0,crise,PLF,Crédit d'investissement,Travaux déconcentrés,€
2013,8,1598350.0,crise,PLF,Crédit d'investissement,Travaux déconcentrés,€
2013,9,737700.0,crise,PLF,Crédit d'investissement,Travaux déconcentrés,€
2013,10,614750.0,crise,PLF,Crédit d'investissement,Travaux déconcentrés,€
2013,11,860650.0,crise,PLF,Crédit d'investissement,Travaux déconcentrés,€
2013,12,983600.0,crise,PLF,Crédit d'investissement,Travaux déconcentrés,€
2013,1,1229500.0,normal,CFX,Crédit d'investissement,Travaux déconcentrés,€
2013,2,983600.0,normal,CFX,Crédit d'investissement,Travaux déconcentrés,€
2013,3,860650.0,normal,CFX,Crédit d'investissement,Travaux déconcentrés,€
2013,4,737700.0,normal,CFX,Crédit d'investissement,Travaux déconcentrés,€
2013,5,614750.0,normal,CFX,Crédit d'investissement,Travaux déconcentrés,€
2013,6,983600.0,normal,CFX,Crédit d'investissement,Travaux déconcentrés,€
2013,7,860650.0,normal,CFX,Crédit d'investissement,Travaux déconcentrés,€
2013,8,1106550.0,normal,CFX,Crédit d'investissement,Travaux déconcentrés,€
2013,9,983600.0,normal,CFX,Crédit d'investissement,Travaux déconcentrés,€
2013,10,1106550.0,normal,CFX,Crédit d'investissement,Travaux déconcentrés,€
2013,11,1229500.0,normal,CFX,Crédit d'investissement,Travaux déconcentrés,€
2013,12,1598350.0,normal,CFX,Crédit d'investissement,Travaux déconcentrés,€
2013,1,983600.0,crise,CFX,Crédit d'investissement,Travaux déconcentrés,€
2013,2,1106550.0,crise,CFX,Crédit d'investissement,Travaux déconcentrés,€
2013,3,1721300.0,crise,CFX,Crédit d'investissement,Travaux déconcentrés,€
2013,4,1598350.0,crise,CFX,Crédit d'investissement,Travaux déconcentrés,€
2013,5,983600.0,crise,CFX,Crédit d'investissement,Travaux déconcentrés,€
2013,6,368850.0,crise,CFX,Crédit d'investissement,Travaux déconcentrés,€
2013,7,737700.0,crise,CFX,Crédit d'investissement,Travaux déconcentrés,€
2013,8,1598350.0,crise,CFX,Crédit d'investissement,Travaux déconcentrés,€
2013,9,737700.0,crise,CFX,Crédit d'investissement,Travaux déconcentrés,€
2013,10,614750.0,crise,CFX,Crédit d'investissement,Travaux déconcentrés,€
2013,11,860650.0,crise,CFX,Crédit d'investissement,Travaux déconcentrés,€
2013,12,983600.0,crise,CFX,Crédit d'investissement,Travaux déconcentrés,€
2014,1,1229500.0,normal,PLF,Crédit d'investissement,Travaux déconcentrés,€
2014,2,983600.0,normal,PLF,Crédit d'investissement,Travaux déconcentrés,€
2014,3,860650.0,normal,PLF,Crédit d'investissement,Travaux déconcentrés,€
2014,4,737700.0,normal,PLF,Crédit d'investissement,Travaux déconcentrés,€
2014,5,614750.0,normal,PLF,Crédit d'investissement,Travaux déconcentrés,€
2014,6,983600.0,normal,PLF,Crédit d'investissement,Travaux déconcentrés,€
2014,7,860650.0,normal,PLF,Crédit d'investissement,Travaux déconcentrés,€
2014,8,1106550.0,normal,PLF,Crédit d'investissement,Travaux déconcentrés,€
2014,9,983600.0,normal,PLF,Crédit d'investissement,Travaux déconcentrés,€
2014,10,1106550.0,normal,PLF,Crédit d'investissement,Travaux déconcentrés,€
2014,11,1229500.0,normal,PLF,Crédit d'investissement,Travaux déconcentrés,€
2014,12,1598350.0,normal,PLF,Crédit d'investissement,Travaux déconcentrés,€
2014,1,983600.0,crise,PLF,Crédit d'investissement,Travaux déconcentrés,€
2014,2,1106550.0,crise,PLF,Crédit d'investissement,Travaux déconcentrés,€
2014,3,1721300.0,crise,PLF,Crédit d'investissement,Travaux déconcentrés,€
2014,4,1598350.0,crise,PLF,Crédit d'investissement,Travaux déconcentrés,€
2014,5,983600.0,crise,PLF,Crédit d'investissement,Travaux déconcentrés,€
2014,6,368850.0,crise,PLF,Crédit d'investissement,Travaux déconcentrés,€
2014,7,737700.0,crise,PLF,Crédit d'investissement,Travaux déconcentrés,€
2014,8,1598350.0,crise,PLF,Crédit d'investissement,Travaux déconcentrés,€
2014,9,737700.0,crise,PLF,Crédit d'investissement,Travaux déconcentrés,€
2014,10,614750.0,crise,PLF,Crédit d'investissement,Travaux déconcentrés,€
2014,11,860650.0,crise,PLF,Crédit d'investissement,Travaux déconcentrés,€
2014,12,983600.0,crise,PLF,Crédit d'investissement,Travaux déconcentrés,€
2014,1,1229500.0,normal,CFX,Crédit d'investissement,Travaux déconcentrés,€
2014,2,983600.0,normal,CFX,Crédit d'investissement,Travaux déconcentrés,€
2014,3,860650.0,normal,CFX,Crédit d'investissement,Travaux déconcentrés,€
2014,4,737700.0,normal,CFX,Crédit d'investissement,Travaux déconcentrés,€
2014,5,614750.0,normal,CFX,Crédit d'investissement,Travaux déconcentrés,€
2014,6,983600.0,normal,CFX,Crédit d'investissement,Travaux déconcentrés,€
2014,7,860650.0,normal,CFX,Crédit d'investissement,Travaux déconcentrés,€
2014,8,1106550.0,normal,CFX,Crédit d'investissement,Travaux déconcentrés,€
2014,9,983600.0,normal,CFX,Crédit d'investissement,Travaux déconcentrés,€
2014,10,1106550.0,normal,CFX,Crédit d'investissement,Travaux déconcentrés,€
2014,11,1229500.0,normal,CFX,Crédit d'investissement,Travaux déconcentrés,€
2014,12,1598350.0,normal,CFX,Crédit d'investissement,Travaux déconcentrés,€
2014,1,983600.0,crise,CFX,Crédit d'investissement,Travaux déconcentrés,€
2014,2,1106550.0,crise,CFX,Crédit d'investissement,Travaux déconcentrés,€
2014,3,1721300.0,crise,CFX,Crédit d'investissement,Travaux déconcentrés,€
2014,4,1598350.0,crise,CFX,Crédit d'investissement,Travaux déconcentrés,€
2014,5,983600.0,crise,CFX,Crédit d'investissement,Travaux déconcentrés,€
2014,6,368850.0,crise,CFX,Crédit d'investissement,Travaux déconcentrés,€
2014,7,737700.0,crise,CFX,Crédit d'investissement,Travaux déconcentrés,€
2014,8,1598350.0,crise,CFX,Crédit d'investissement,Travaux déconcentrés,€
2014,9,737700.0,crise,CFX,Crédit d'investissement,Travaux déconcentrés,€
2014,10,614750.0,crise,CFX,Crédit d'investissement,Travaux déconcentrés,€
2014,11,860650.0,crise,CFX,Crédit d'investissement,Travaux déconcentrés,€
2014,12,983600.0,crise,CFX,Crédit d'investissement,Travaux déconcentrés,€
2015,1,1229500.0,normal,PLF,Crédit d'investissement,Travaux déconcentrés,€
2015,2,983600.0,normal,PLF,Crédit d'investissement,Travaux déconcentrés,€
2015,3,860650.0,normal,PLF,Crédit d'investissement,Travaux déconcentrés,€
2015,4,737700.0,normal,PLF,Crédit d'investissement,Travaux déconcentrés,€
2015,5,614750.0,normal,PLF,Crédit d'investissement,Travaux déconcentrés,€
2015,6,983600.0,normal,PLF,Crédit d'investissement,Travaux déconcentrés,€
2015,7,860650.0,normal,PLF,Crédit d'investissement,Travaux déconcentrés,€
2015,8,1106550.0,normal,PLF,Crédit d'investissement,Travaux déconcentrés,€
2015,9,983600.0,normal,PLF,Crédit d'investissement,Travaux déconcentrés,€
2015,10,1106550.0,normal,PLF,Crédit d'investissement,Travaux déconcentrés,€
2015,11,1229500.0,normal,PLF,Crédit d'investissement,Travaux déconcentrés,€
2015,12,1598350.0,normal,PLF,Crédit d'investissement,Travaux déconcentrés,€
2015,1,983600.0,crise,PLF,Crédit d'investissement,Travaux déconcentrés,€
2015,2,1106550.0,crise,PLF,Crédit d'investissement,Travaux déconcentrés,€
2015,3,1721300.0,crise,PLF,Crédit d'investissement,Travaux déconcentrés,€
2015,4,1598350.0,crise,PLF,Crédit d'investissement,Travaux déconcentrés,€
2015,5,983600.0,crise,PLF,Crédit d'investissement,Travaux déconcentrés,€
2015,6,368850.0,crise,PLF,Crédit d'investissement,Travaux déconcentrés,€
2015,7,737700.0,crise,PLF,Crédit d'investissement,Travaux déconcentrés,€
2015,8,1598350.0,crise,PLF,Crédit d'investissement,Travaux déconcentrés,€
2015,9,737700.0,crise,PLF,Crédit d'investissement,Travaux déconcentrés,€
2015,10,614750.0,crise,PLF,Crédit d'investissement,Travaux déconcentrés,€
2015,11,860650.0,crise,PLF,Crédit d'investissement,Travaux déconcentrés,€
2015,12,983600.0,crise,PLF,Crédit d'investissement,Travaux déconcentrés,€
2015,1,1229500.0,normal,CFX,Crédit d'investissement,Travaux déconcentrés,€
2015,2,983600.0,normal,CFX,Crédit d'investissement,Travaux déconcentrés,€
2015,3,860650.0,normal,CFX,Crédit d'investissement,Travaux déconcentrés,€
2015,4,737700.0,normal,CFX,Crédit d'investissement,Travaux déconcentrés,€
2015,5,614750.0,normal,CFX,Crédit d'investissement,Travaux déconcentrés,€
2015,6,983600.0,normal,CFX,Crédit d'investissement,Travaux déconcentrés,€
2015,7,860650.0,normal,CFX,Crédit d'investissement,Travaux déconcentrés,€
2015,8,1106550.0,normal,CFX,Crédit d'investissement,Travaux déconcentrés,€
2015,9,983600.0,normal,CFX,Crédit d'investissement,Travaux déconcentrés,€
2015,10,1106550.0,normal,CFX,Crédit d'investissement,Travaux déconcentrés,€
2015,11,1229500.0,normal,CFX,Crédit d'investissement,Travaux déconcentrés,€
2015,12,1598350.0,normal,CFX,Crédit d'investissement,Travaux déconcentrés,€
2015,1,983600.0,crise,CFX,Crédit d'investissement,Travaux déconcentrés,€
2015,2,1106550.0,crise,CFX,Crédit d'investissement,Travaux déconcentrés,€
2015,3,1721300.0,crise,CFX,Crédit d'investissement,Travaux déconcentrés,€
2015,4,1598350.0,crise,CFX,Crédit d'investissement,Travaux déconcentrés,€
2015,5,983600.0,crise,CFX,Crédit d'investissement,Travaux déconcentrés,€
2015,6,368850.0,crise,CFX,Crédit d'investissement,Travaux déconcentrés,€
2015,7,737700.0,crise,CFX,Crédit d'investissement,Travaux déconcentrés,€
2015,8,1598350.0,crise,CFX,Crédit d'investissement,Travaux déconcentrés,€
2015,9,737700.0,crise,CFX,Crédit d'investissement,Travaux déconcentrés,€
2015,10,614750.0,crise,CFX,Crédit d'investissement,Travaux déconcentrés,€
2015,11,860650.0,crise,CFX,Crédit d'investissement,Travaux déconcentrés,€
2015,12,983600.0,crise,CFX,Crédit d'investissement,Travaux déconcentrés,€
2016,1,1229500.0,normal,PLF,Crédit d'investissement,Travaux déconcentrés,€
2016,2,983600.0,normal,PLF,Crédit d'investissement,Travaux déconcentrés,€
2016,3,860650.0,normal,PLF,Crédit d'investissement,Travaux déconcentrés,€
2016,4,737700.0,normal,PLF,Crédit d'investissement,Travaux déconcentrés,€
2016,5,614750.0,normal,PLF,Crédit d'investissement,Travaux déconcentrés,€
2016,6,983600.0,normal,PLF,Crédit d'investissement,Travaux déconcentrés,€
2016,7,860650.0,normal,PLF,Crédit d'investissement,Travaux déconcentrés,€
2016,8,1106550.0,normal,PLF,Crédit d'investissement,Travaux déconcentrés,€
2016,9,983600.0,normal,PLF,Crédit d'investissement,Travaux déconcentrés,€
2016,10,1106550.0,normal,PLF,Crédit d'investissement,Travaux déconcentrés,€
2016,11,1229500.0,normal,PLF,Crédit d'investissement,Travaux déconcentrés,€
2016,12,1598350.0,normal,PLF,Crédit d'investissement,Travaux déconcentrés,€
2016,1,983600.0,crise,PLF,Crédit d'investissement,Travaux déconcentrés,€
2016,2,1106550.0,crise,PLF,Crédit d'investissement,Travaux déconcentrés,€
2016,3,1721300.0,crise,PLF,Crédit d'investissement,Travaux déconcentrés,€
2016,4,1598350.0,crise,PLF,Crédit d'investissement,Travaux déconcentrés,€
2016,5,983600.0,crise,PLF,Crédit d'investissement,Travaux déconcentrés,€
2016,6,368850.0,crise,PLF,Crédit d'investissement,Travaux déconcentrés,€
2016,7,737700.0,crise,PLF,Crédit d'investissement,Travaux déconcentrés,€
2016,8,1598350.0,crise,PLF,Crédit d'investissement,Travaux déconcentrés,€
2016,9,737700.0,crise,PLF,Crédit d'investissement,Travaux déconcentrés,€
2016,10,614750.0,crise,PLF,Crédit d'investissement,Travaux déconcentrés,€
2016,11,860650.0,crise,PLF,Crédit d'investissement,Travaux déconcentrés,€
2016,12,983600.0,crise,PLF,Crédit d'investissement,Travaux déconcentrés,€
2016,1,1229500.0,normal,CFX,Crédit d'investissement,Travaux déconcentrés,€
2016,2,983600.0,normal,CFX,Crédit d'investissement,Travaux déconcentrés,€
2016,3,860650.0,normal,CFX,Crédit d'investissement,Travaux déconcentrés,€
2016,4,737700.0,normal,CFX,Crédit d'investissement,Travaux déconcentrés,€
2016,5,614750.0,normal,CFX,Crédit d'investissement,Travaux déconcentrés,€
2016,6,983600.0,normal,CFX,Crédit d'investissement,Travaux déconcentrés,€
2016,7,860650.0,normal,CFX,Crédit d'investissement,Travaux déconcentrés,€
2016,8,1106550.0,normal,CFX,Crédit d'investissement,Travaux déconcentrés,€
2016,9,983600.0,normal,CFX,Crédit d'investissement,Travaux déconcentrés,€
2016,10,1106550.0,normal,CFX,Crédit d'investissement,Travaux déconcentrés,€
2016,11,1229500.0,normal,CFX,Crédit d'investissement,Travaux déconcentrés,€
2016,12,1598350.0,normal,CFX,Crédit d'investissement,Travaux déconcentrés,€
2016,1,983600.0,crise,CFX,Crédit d'investissement,Travaux déconcentrés,€
2016,2,1106550.0,crise,CFX,Crédit d'investissement,Travaux déconcentrés,€
2016,3,1721300.0,crise,CFX,Crédit d'investissement,Travaux déconcentrés,€
2016,4,1598350.0,crise,CFX,Crédit d'investissement,Travaux déconcentrés,€
2016,5,983600.0,crise,CFX,Crédit d'investissement,Travaux déconcentrés,€
2016,6,368850.0,crise,CFX,Crédit d'investissement,Travaux déconcentrés,€
2016,7,737700.0,crise,CFX,Crédit d'investissement,Travaux déconcentrés,€
2016,8,1598350.0,crise,CFX,Crédit d'investissement,Travaux déconcentrés,€
2016,9,737700.0,crise,CFX,Crédit d'investissement,Travaux déconcentrés,€
2016,10,614750.0,crise,CFX,Crédit d'investissement,Travaux déconcentrés,€
2016,11,860650.0,crise,CFX,Crédit d'investissement,Travaux déconcentrés,€
2016,12,983600.0,crise,CFX,Crédit d'investissement,Travaux déconcentrés,€
2011,1,521500.0,normal,PLF,Crédit d'investissement,Équipements,€
2011,2,417200.0,normal,PLF,Crédit d'investissement,Équipements,€
2011,3,365050.0,normal,PLF,Crédit d'investissement,Équipements,€
2011,4,312900.0,normal,PLF,Crédit d'investissement,Équipements,€
2011,5,260750.0,normal,PLF,Crédit d'investissement,Équipements,€
2011,6,417200.0,normal,PLF,Crédit d'investissement,Équipements,€
2011,7,365050.0,normal,PLF,Crédit d'investissement,Équipements,€
2011,8,469350.0,normal,PLF,Crédit d'investissement,Équipements,€
2011,9,417200.0,normal,PLF,Crédit d'investissement,Équipements,€
2011,10,469350.0,normal,PLF,Crédit d'investissement,Équipements,€
2011,11,521500.0,normal,PLF,Crédit d'investissement,Équipements,€
2011,12,677950.0,normal,PLF,Crédit d'investissement,Équipements,€
2011,1,417200.0,crise,PLF,Crédit d'investissement,Équipements,€
2011,2,469350.0,crise,PLF,Crédit d'investissement,Équipements,€
2011,3,730100.0,crise,PLF,Crédit d'investissement,Équipements,€
2011,4,677950.0,crise,PLF,Crédit d'investissement,Équipements,€
2011,5,417200.0,crise,PLF,Crédit d'investissement,Équipements,€
2011,6,156450.0,crise,PLF,Crédit d'investissement,Équipements,€
2011,7,312900.0,crise,PLF,Crédit d'investissement,Équipements,€
2011,8,677950.0,crise,PLF,Crédit d'investissement,Équipements,€
2011,9,312900.0,crise,PLF,Crédit d'investissement,Équipements,€
2011,10,260750.0,crise,PLF,Crédit d'investissement,Équipements,€
2011,11,365050.0,crise,PLF,Crédit d'investissement,Équipements,€
2011,12,417200.0,crise,PLF,Crédit d'investissement,Équipements,€
2011,1,521500.0,normal,CFX,Crédit d'investissement,Équipements,€
2011,2,417200.0,normal,CFX,Crédit d'investissement,Équipements,€
2011,3,365050.0,normal,CFX,Crédit d'investissement,Équipements,€
2011,4,312900.0,normal,CFX,Crédit d'investissement,Équipements,€
2011,5,260750.0,normal,CFX,Crédit d'investissement,Équipements,€
2011,6,417200.0,normal,CFX,Crédit d'investissement,Équipements,€
2011,7,365050.0,normal,CFX,Crédit d'investissement,Équipements,€
2011,8,469350.0,normal,CFX,Crédit d'investissement,Équipements,€
2011,9,417200.0,normal,CFX,Crédit d'investissement,Équipements,€
2011,10,469350.0,normal,CFX,Crédit d'investissement,Équipements,€
2011,11,521500.0,normal,CFX,Crédit d'investissement,Équipements,€
2011,12,677950.0,normal,CFX,Crédit d'investissement,Équipements,€
2011,1,417200.0,crise,CFX,Crédit d'investissement,Équipements,€
2011,2,469350.0,crise,CFX,Crédit d'investissement,Équipements,€
2011,3,730100.0,crise,CFX,Crédit d'investissement,Équipements,€
2011,4,677950.0,crise,CFX,Crédit d'investissement,Équipements,€
2011,5,417200.0,crise,CFX,Crédit d'investissement,Équipements,€
2011,6,156450.0,crise,CFX,Crédit d'investissement,Équipements,€
2011,7,312900.0,crise,CFX,Crédit d'investissement,Équipements,€
2011,8,677950.0,crise,CFX,Crédit d'investissement,Équipements,€
2011,9,312900.0,crise,CFX,Crédit d'investissement,Équipements,€
2011,10,260750.0,crise,CFX,Crédit d'investissement,Équipements,€
2011,11,365050.0,crise,CFX,Crédit d'investissement,Équipements,€
2011,12,417200.0,crise,CFX,Crédit d'investissement,Équipements,€
2012,1,521500.0,normal,PLF,Crédit d'investissement,Équipements,€
2012,2,417200.0,normal,PLF,Crédit d'investissement,Équipements,€
2012,3,365050.0,normal,PLF,Crédit d'investissement,Équipements,€
2012,4,312900.0,normal,PLF,Crédit d'investissement,Équipements,€
2012,5,260750.0,normal,PLF,Crédit d'investissement,Équipements,€
2012,6,417200.0,normal,PLF,Crédit d'investissement,Équipements,€
2012,7,365050.0,normal,PLF,Crédit d'investissement,Équipements,€
2012,8,469350.0,normal,PLF,Crédit d'investissement,Équipements,€
2012,9,417200.0,normal,PLF,Crédit d'investissement,Équipements,€
2012,10,469350.0,normal,PLF,Crédit d'investissement,Équipements,€
2012,11,521500.0,normal,PLF,Crédit d'investissement,Équipements,€
2012,12,677950.0,normal,PLF,Crédit d'investissement,Équipements,€
2012,1,417200.0,crise,PLF,Crédit d'investissement,Équipements,€
2012,2,469350.0,crise,PLF,Crédit d'investissement,Équipements,€
2012,3,730100.0,crise,PLF,Crédit d'investissement,Équipements,€
2012,4,677950.0,crise,PLF,Crédit d'investissement,Équipements,€
2012,5,417200.0,crise,PLF,Crédit d'investissement,Équipements,€
2012,6,156450.0,crise,PLF,Crédit d'investissement,Équipements,€
2012,7,312900.0,crise,PLF,Crédit d'investissement,Équipements,€
2012,8,677950.0,crise,PLF,Crédit d'investissement,Équipements,€
2012,9,312900.0,crise,PLF,Crédit d'investissement,Équipements,€
2012,10,260750.0,crise,PLF,Crédit d'investissement,Équipements,€
2012,11,365050.0,crise,PLF,Crédit d'investissement,Équipements,€
2012,12,417200.0,crise,PLF,Crédit d'investissement,Équipements,€
2012,1,521500.0,normal,CFX,Crédit d'investissement,Équipements,€
2012,2,417200.0,normal,CFX,Crédit d'investissement,Équipements,€
2012,3,365050.0,normal,CFX,Crédit d'investissement,Équipements,€
2012,4,312900.0,normal,CFX,Crédit d'investissement,Équipements,€
2012,5,260750.0,normal,CFX,Crédit d'investissement,Équipements,€
2012,6,417200.0,normal,CFX,Crédit d'investissement,Équipements,€
2012,7,365050.0,normal,CFX,Crédit d'investissement,Équipements,€
2012,8,469350.0,normal,CFX,Crédit d'investissement,Équipements,€
2012,9,417200.0,normal,CFX,Crédit d'investissement,Équipements,€
2012,10,469350.0,normal,CFX,Crédit d'investissement,Équipements,€
2012,11,521500.0,normal,CFX,Crédit d'investissement,Équipements,€
2012,12,677950.0,normal,CFX,Crédit d'investissement,Équipements,€
2012,1,417200.0,crise,CFX,Crédit d'investissement,Équipements,€
2012,2,469350.0,crise,CFX,Crédit d'investissement,Équipements,€
2012,3,730100.0,crise,CFX,Crédit d'investissement,Équipements,€
2012,4,677950.0,crise,CFX,Crédit d'investissement,Équipements,€
2012,5,417200.0,crise,CFX,Crédit d'investissement,Équipements,€
2012,6,156450.0,crise,CFX,Crédit d'investissement,Équipements,€
2012,7,312900.0,crise,CFX,Crédit d'investissement,Équipements,€
2012,8,677950.0,crise,CFX,Crédit d'investissement,Équipements,€
2012,9,312900.0,crise,CFX,Crédit d'investissement,Équipements,€
2012,10,260750.0,crise,CFX,Crédit d'investissement,Équipements,€
2012,11,365050.0,crise,CFX,Crédit d'investissement,Équipements,€
2012,12,417200.0,crise,CFX,Crédit d'investissement,Équipements,€
2013,1,521500.0,normal,PLF,Crédit d'investissement,Équipements,€
2013,2,417200.0,normal,PLF,Crédit d'investissement,Équipements,€
2013,3,365050.0,normal,PLF,Crédit d'investissement,Équipements,€
2013,4,312900.0,normal,PLF,Crédit d'investissement,Équipements,€
2013,5,260750.0,normal,PLF,Crédit d'investissement,Équipements,€
2013,6,417200.0,normal,PLF,Crédit d'investissement,Équipements,€
2013,7,365050.0,normal,PLF,Crédit d'investissement,Équipements,€
2013,8,469350.0,normal,PLF,Crédit d'investissement,Équipements,€
2013,9,417200.0,normal,PLF,Crédit d'investissement,Équipements,€
2013,10,469350.0,normal,PLF,Crédit d'investissement,Équipements,€
2013,11,521500.0,normal,PLF,Crédit d'investissement,Équipements,€
2013,12,677950.0,normal,PLF,Crédit d'investissement,Équipements,€
2013,1,417200.0,crise,PLF,Crédit d'investissement,Équipements,€
2013,2,469350.0,crise,PLF,Crédit d'investissement,Équipements,€
2013,3,730100.0,crise,PLF,Crédit d'investissement,Équipements,€
2013,4,677950.0,crise,PLF,Crédit d'investissement,Équipements,€
2013,5,417200.0,crise,PLF,Crédit d'investissement,Équipements,€
2013,6,156450.0,crise,PLF,Crédit d'investissement,Équipements,€
2013,7,312900.0,crise,PLF,Crédit d'investissement,Équipements,€
2013,8,677950.0,crise,PLF,Crédit d'investissement,Équipements,€
2013,9,312900.0,crise,PLF,Crédit d'investissement,Équipements,€
2013,10,260750.0,crise,PLF,Crédit d'investissement,Équipements,€
2013,11,365050.0,crise,PLF,Crédit d'investissement,Équipements,€
2013,12,417200.0,crise,PLF,Crédit d'investissement,Équipements,€
2013,1,521500.0,normal,CFX,Crédit d'investissement,Équipements,€
2013,2,417200.0,normal,CFX,Crédit d'investissement,Équipements,€
2013,3,365050.0,normal,CFX,Crédit d'investissement,Équipements,€
2013,4,312900.0,normal,CFX,Crédit d'investissement,Équipements,€
2013,5,260750.0,normal,CFX,Crédit d'investissement,Équipements,€
2013,6,417200.0,normal,CFX,Crédit d'investissement,Équipements,€
2013,7,365050.0,normal,CFX,Crédit d'investissement,Équipements,€
2013,8,469350.0,normal,CFX,Crédit d'investissement,Équipements,€
2013,9,417200.0,normal,CFX,Crédit d'investissement,Équipements,€
2013,10,469350.0,normal,CFX,Crédit d'investissement,Équipements,€
2013,11,521500.0,normal,CFX,Crédit d'investissement,Équipements,€
2013,12,677950.0,normal,CFX,Crédit d'investissement,Équipements,€
2013,1,417200.0,crise,CFX,Crédit d'investissement,Équipements,€
2013,2,469350.0,crise,CFX,Crédit d'investissement,Équipements,€
2013,3,730100.0,crise,CFX,Crédit d'investissement,Équipements,€
2013,4,677950.0,crise,CFX,Crédit d'investissement,Équipements,€
2013,5,417200.0,crise,CFX,Crédit d'investissement,Équipements,€
2013,6,156450.0,crise,CFX,Crédit d'investissement,Équipements,€
2013,7,312900.0,crise,CFX,Crédit d'investissement,Équipements,€
2013,8,677950.0,crise,CFX,Crédit d'investissement,Équipements,€
2013,9,312900.0,crise,CFX,Crédit d'investissement,Équipements,€
2013,10,260750.0,crise,CFX,Crédit d'investissement,Équipements,€
2013,11,365050.0,crise,CFX,Crédit d'investissement,Équipements,€
2013,12,417200.0,crise,CFX,Crédit d'investissement,Équipements,€
2014,1,521500.0,normal,PLF,Crédit d'investissement,Équipements,€
2014,2,417200.0,normal,PLF,Crédit d'investissement,Équipements,€
2014,3,365050.0,normal,PLF,Crédit d'investissement,Équipements,€
2014,4,312900.0,normal,PLF,Crédit d'investissement,Équipements,€
2014,5,260750.0,normal,PLF,Crédit d'investissement,Équipements,€
2014,6,417200.0,normal,PLF,Crédit d'investissement,Équipements,€
2014,7,365050.0,normal,PLF,Crédit d'investissement,Équipements,€
2014,8,469350.0,normal,PLF,Crédit d'investissement,Équipements,€
2014,9,417200.0,normal,PLF,Crédit d'investissement,Équipements,€
2014,10,469350.0,normal,PLF,Crédit d'investissement,Équipements,€
2014,11,521500.0,normal,PLF,Crédit d'investissement,Équipements,€
2014,12,677950.0,normal,PLF,Crédit d'investissement,Équipements,€
2014,1,417200.0,crise,PLF,Crédit d'investissement,Équipements,€
2014,2,469350.0,crise,PLF,Crédit d'investissement,Équipements,€
2014,3,730100.0,crise,PLF,Crédit d'investissement,Équipements,€
2014,4,677950.0,crise,PLF,Crédit d'investissement,Équipements,€
2014,5,417200.0,crise,PLF,Crédit d'investissement,Équipements,€
2014,6,156450.0,crise,PLF,Crédit d'investissement,Équipements,€
2014,7,312900.0,crise,PLF,Crédit d'investissement,Équipements,€
2014,8,677950.0,crise,PLF,Crédit d'investissement,Équipements,€
2014,9,312900.0,crise,PLF,Crédit d'investissement,Équipements,€
2014,10,260750.0,crise,PLF,Crédit d'investissement,Équipements,€
2014,11,365050.0,crise,PLF,Crédit d'investissement,Équipements,€
2014,12,417200.0,crise,PLF,Crédit d'investissement,Équipements,€
2014,1,521500.0,normal,CFX,Crédit d'investissement,Équipements,€
2014,2,417200.0,normal,CFX,Crédit d'investissement,Équipements,€
2014,3,365050.0,normal,CFX,Crédit d'investissement,Équipements,€
2014,4,312900.0,normal,CFX,Crédit d'investissement,Équipements,€
2014,5,260750.0,normal,CFX,Crédit d'investissement,Équipements,€
2014,6,417200.0,normal,CFX,Crédit d'investissement,Équipements,€
2014,7,365050.0,normal,CFX,Crédit d'investissement,Équipements,€
2014,8,469350.0,normal,CFX,Crédit d'investissement,Équipements,€
2014,9,417200.0,normal,CFX,Crédit d'investissement,Équipements,€
2014,10,469350.0,normal,CFX,Crédit d'investissement,Équipements,€
2014,11,521500.0,normal,CFX,Crédit d'investissement,Équipements,€
2014,12,677950.0,normal,CFX,Crédit d'investissement,Équipements,€
2014,1,417200.0,crise,CFX,Crédit d'investissement,Équipements,€
2014,2,469350.0,crise,CFX,Crédit d'investissement,Équipements,€
2014,3,730100.0,crise,CFX,Crédit d'investissement,Équipements,€
2014,4,677950.0,crise,CFX,Crédit d'investissement,Équipements,€
2014,5,417200.0,crise,CFX,Crédit d'investissement,Équipements,€
2014,6,156450.0,crise,CFX,Crédit d'investissement,Équipements,€
2014,7,312900.0,crise,CFX,Crédit d'investissement,Équipements,€
2014,8,677950.0,crise,CFX,Crédit d'investissement,Équipements,€
2014,9,312900.0,crise,CFX,Crédit d'investissement,Équipements,€
2014,10,260750.0,crise,CFX,Crédit d'investissement,Équipements,€
2014,11,365050.0,crise,CFX,Crédit d'investissement,Équipements,€
2014,12,417200.0,crise,CFX,Crédit d'investissement,Équipements,€
2015,1,521500.0,normal,PLF,Crédit d'investissement,Équipements,€
2015,2,417200.0,normal,PLF,Crédit d'investissement,Équipements,€
2015,3,365050.0,normal,PLF,Crédit d'investissement,Équipements,€
2015,4,312900.0,normal,PLF,Crédit d'investissement,Équipements,€
2015,5,260750.0,normal,PLF,Crédit d'investissement,Équipements,€
2015,6,417200.0,normal,PLF,Crédit d'investissement,Équipements,€
2015,7,365050.0,normal,PLF,Crédit d'investissement,Équipements,€
2015,8,469350.0,normal,PLF,Crédit d'investissement,Équipements,€
2015,9,417200.0,normal,PLF,Crédit d'investissement,Équipements,€
2015,10,469350.0,normal,PLF,Crédit d'investissement,Équipements,€
2015,11,521500.0,normal,PLF,Crédit d'investissement,Équipements,€
2015,12,677950.0,normal,PLF,Crédit d'investissement,Équipements,€
2015,1,417200.0,crise,PLF,Crédit d'investissement,Équipements,€
2015,2,469350.0,crise,PLF,Crédit d'investissement,Équipements,€
2015,3,730100.0,crise,PLF,Crédit d'investissement,Équipements,€
2015,4,677950.0,crise,PLF,Crédit d'investissement,Équipements,€
2015,5,417200.0,crise,PLF,Crédit d'investissement,Équipements,€
2015,6,156450.0,crise,PLF,Crédit d'investissement,Équipements,€
2015,7,312900.0,crise,PLF,Crédit d'investissement,Équipements,€
2015,8,677950.0,crise,PLF,Crédit d'investissement,Équipements,€
2015,9,312900.0,crise,PLF,Crédit d'investissement,Équipements,€
2015,10,260750.0,crise,PLF,Crédit d'investissement,Équipements,€
2015,11,365050.0,crise,PLF,Crédit d'investissement,Équipements,€
2015,12,417200.0,crise,PLF,Crédit d'investissement,Équipements,€
2015,1,521500.0,normal,CFX,Crédit d'investissement,Équipements,€
2015,2,417200.0,normal,CFX,Crédit d'investissement,Équipements,€
2015,3,365050.0,normal,CFX,Crédit d'investissement,Équipements,€
2015,4,312900.0,normal,CFX,Crédit d'investissement,Équipements,€
2015,5,260750.0,normal,CFX,Crédit d'investissement,Équipements,€
2015,6,417200.0,normal,CFX,Crédit d'investissement,Équipements,€
2015,7,365050.0,normal,CFX,Crédit d'investissement,Équipements,€
2015,8,469350.0,normal,CFX,Crédit d'investissement,Équipements,€
2015,9,417200.0,normal,CFX,Crédit d'investissement,Équipements,€
2015,10,469350.0,normal,CFX,Crédit d'investissement,Équipements,€
2015,11,521500.0,normal,CFX,Crédit d'investissement,Équipements,€
2015,12,677950.0,normal,CFX,Crédit d'investissement,Équipements,€
2015,1,417200.0,crise,CFX,Crédit d'investissement,Équipements,€
2015,2,469350.0,crise,CFX,Crédit d'investissement,Équipements,€
2015,3,730100.0,crise,CFX,Crédit d'investissement,Équipements,€
2015,4,677950.0,crise,CFX,Crédit d'investissement,Équipements,€
2015,5,417200.0,crise,CFX,Crédit d'investissement,Équipements,€
2015,6,156450.0,crise,CFX,Crédit d'investissement,Équipements,€
2015,7,312900.0,crise,CFX,Crédit d'investissement,Équipements,€
2015,8,677950.0,crise,CFX,Crédit d'investissement,Équipements,€
2015,9,312900.0,crise,CFX,Crédit d'investissement,Équipements,€
2015,10,260750.0,crise,CFX,Crédit d'investissement,Équipements,€
2015,11,365050.0,crise,CFX,Crédit d'investissement,Équipements,€
2015,12,417200.0,crise,CFX,Crédit d'investissement,Équipements,€
2016,1,521500.0,normal,PLF,Crédit d'investissement,Équipements,€
2016,2,417200.0,normal,PLF,Crédit d'investissement,Équipements,€
2016,3,365050.0,normal,PLF,Crédit d'investissement,Équipements,€
2016,4,312900.0,normal,PLF,Crédit d'investissement,Équipements,€
2016,5,260750.0,normal,PLF,Crédit d'investissement,Équipements,€
2016,6,417200.0,normal,PLF,Crédit d'investissement,Équipements,€
2016,7,365050.0,normal,PLF,Crédit d'investissement,Équipements,€
2016,8,469350.0,normal,PLF,Crédit d'investissement,Équipements,€
2016,9,417200.0,normal,PLF,Crédit d'investissement,Équipements,€
2016,10,469350.0,normal,PLF,Crédit d'investissement,Équipements,€
2016,11,521500.0,normal,PLF,Crédit d'investissement,Équipements,€
2016,12,677950.0,normal,PLF,Crédit d'investissement,Équipements,€
2016,1,417200.0,crise,PLF,Crédit d'investissement,Équipements,€
2016,2,469350.0,crise,PLF,Crédit d'investissement,Équipements,€
2016,3,730100.0,crise,PLF,Crédit d'investissement,Équipements,€
2016,4,677950.0,crise,PLF,Crédit d'investissement,Équipements,€
2016,5,417200.0,crise,PLF,Crédit d'investissement,Équipements,€
2016,6,156450.0,crise,PLF,Crédit d'investissement,Équipements,€
2016,7,312900.0,crise,PLF,Crédit d'investissement,Équipements,€
2016,8,677950.0,crise,PLF,Crédit d'investissement,Équipements,€
2016,9,312900.0,crise,PLF,Crédit d'investissement,Équipements,€
2016,10,260750.0,crise,PLF,Crédit d'investissement,Équipements,€
2016,11,365050.0,crise,PLF,Crédit d'investissement,Équipements,€
2016,12,417200.0,crise,PLF,Crédit d'investissement,Équipements,€
2016,1,521500.0,normal,CFX,Crédit d'investissement,Équipements,€
2016,2,417200.0,normal,CFX,Crédit d'investissement,Équipements,€
2016,3,365050.0,normal,CFX,Crédit d'investissement,Équipements,€
2016,4,312900.0,normal,CFX,Crédit d'investissement,Équipements,€
2016,5,260750.0,normal,CFX,Crédit d'investissement,Équipements,€
2016,6,417200.0,normal,CFX,Crédit d'investissement,Équipements,€
2016,7,365050.0,normal,CFX,Crédit d'investissement,Équipements,€
2016,8,469350.0,normal,CFX,Crédit d'investissement,Équipements,€
2016,9,417200.0,normal,CFX,Crédit d'investissement,Équipements,€
2016,10,469350.0,normal,CFX,Crédit d'investissement,Équipements,€
2016,11,521500.0,normal,CFX,Crédit d'investissement,Équipements,€
2016,12,677950.0,normal,CFX,Crédit d'investissement,Équipements,€
2016,1,417200.0,crise,CFX,Crédit d'investissement,Équipements,€
2016,2,469350.0,crise,CFX,Crédit d'investissement,Équipements,€
2016,3,730100.0,crise,CFX,Crédit d'investissement,Équipements,€
2016,4,677950.0,crise,CFX,Crédit d'investissement,Équipements,€
2016,5,417200.0,crise,CFX,Crédit d'investissement,Équipements,€
2016,6,156450.0,crise,CFX,Crédit d'investissement,Équipements,€
2016,7,312900.0,crise,CFX,Crédit d'investissement,Équipements,€
2016,8,677950.0,crise,CFX,Crédit d'investissement,Équipements,€
2016,9,312900.0,crise,CFX,Crédit d'investissement,Équipements,€
2016,10,260750.0,crise,CFX,Crédit d'investissement,Équipements,€
2016,11,365050.0,crise,CFX,Crédit d'investissement,Équipements,€
2016,12,417200.0,crise,CFX,Crédit d'investissement,Équipements,€
2011,1,29000.0,normal,PLF,Crédits d’investissement,"Informatique, bureautique",€
2011,2,23200.0,normal,PLF,Crédits d’investissement,"Informatique, bureautique",€
2011,3,20300.0,normal,PLF,Crédits d’investissement,"Informatique, bureautique",€
2011,4,17400.0,normal,PLF,Crédits d’investissement,"Informatique, bureautique",€
2011,5,14500.0,normal,PLF,Crédits d’investissement,"Informatique, bureautique",€
2011,6,23200.0,normal,PLF,Crédits d’investissement,"Informatique, bureautique",€
2011,7,20300.0,normal,PLF,Crédits d’investissement,"Informatique, bureautique",€
2011,8,26100.0,normal,PLF,Crédits d’investissement,"Informatique, bureautique",€
2011,9,23200.0,normal,PLF,Crédits d’investissement,"Informatique, bureautique",€
2011,10,26100.0,normal,PLF,Crédits d’investissement,"Informatique, bureautique",€
2011,11,29000.0,normal,PLF,Crédits d’investissement,"Informatique, bureautique",€
2011,12,37700.0,normal,PLF,Crédits d’investissement,"Informatique, bureautique",€
2011,1,23200.0,crise,PLF,Crédits d’investissement,"Informatique, bureautique",€
2011,2,26100.0,crise,PLF,Crédits d’investissement,"Informatique, bureautique",€
2011,3,40600.0,crise,PLF,Crédits d’investissement,"Informatique, bureautique",€
2011,4,37700.0,crise,PLF,Crédits d’investissement,"Informatique, bureautique",€
2011,5,23200.0,crise,PLF,Crédits d’investissement,"Informatique, bureautique",€
2011,6,8700.0,crise,PLF,Crédits d’investissement,"Informatique, bureautique",€
2011,7,17400.0,crise,PLF,Crédits d’investissement,"Informatique, bureautique",€
2011,8,37700.0,crise,PLF,Crédits d’investissement,"Informatique, bureautique",€
2011,9,17400.0,crise,PLF,Crédits d’investissement,"Informatique, bureautique",€
2011,10,14500.0,crise,PLF,Crédits d’investissement,"Informatique, bureautique",€
2011,11,20300.0,crise,PLF,Crédits d’investissement,"Informatique, bureautique",€
2011,12,23200.0,crise,PLF,Crédits d’investissement,"Informatique, bureautique",€
2011,1,5000.0,normal,CFX,Crédits d’investissement,"Informatique, bureautique",€
2011,2,4000.0,normal,CFX,Crédits d’investissement,"Informatique, bureautique",€
2011,3,3500.0,normal,CFX,Crédits d’investissement,"Informatique, bureautique",€
2011,4,3000.0,normal,CFX,Crédits d’investissement,"Informatique, bureautique",€
2011,5,2500.0,normal,CFX,Crédits d’investissement,"Informatique, bureautique",€
2011,6,4000.0,normal,CFX,Crédits d’investissement,"Informatique, bureautique",€
2011,7,3500.0,normal,CFX,Crédits d’investissement,"Informatique, bureautique",€
2011,8,4500.0,normal,CFX,Crédits d’investissement,"Informatique, bureautique",€
2011,9,4000.0,normal,CFX,Crédits d’investissement,"Informatique, bureautique",€
2011,10,4500.0,normal,CFX,Crédits d’investissement,"Informatique, bureautique",€
2011,11,5000.0,normal,CFX,Crédits d’investissement,"Informatique, bureautique",€
2011,12,6500.0,normal,CFX,Crédits d’investissement,"Informatique, bureautique",€
2011,1,4000.0,crise,CFX,Crédits d’investissement,"Informatique, bureautique",€
2011,2,4500.0,crise,CFX,Crédits d’investissement,"Informatique, bureautique",€
2011,3,7000.0,crise,CFX,Crédits d’investissement,"Informatique, bureautique",€
2011,4,6500.0,crise,CFX,Crédits d’investissement,"Informatique, bureautique",€
2011,5,4000.0,crise,CFX,Crédits d’investissement,"Informatique, bureautique",€
2011,6,1500.0,crise,CFX,Crédits d’investissement,"Informatique, bureautique",€
2011,7,3000.0,crise,CFX,Crédits d’investissement,"Informatique, bureautique",€
2011,8,6500.0,crise,CFX,Crédits d’investissement,"Informatique, bureautique",€
2011,9,3000.0,crise,CFX,Crédits d’investissement,"Informatique, bureautique",€
2011,10,2500.0,crise,CFX,Crédits d’investissement,"Informatique, bureautique",€
2011,11,3500.0,crise,CFX,Crédits d’investissement,"Informatique, bureautique",€
2011,12,4000.0,crise,CFX,Crédits d’investissement,"Informatique, bureautique",€
2012,1,29000.0,normal,PLF,Crédits d’investissement,"Informatique, bureautique",€
2012,2,23200.0,normal,PLF,Crédits d’investissement,"Informatique, bureautique",€
2012,3,20300.0,normal,PLF,Crédits d’investissement,"Informatique, bureautique",€
2012,4,17400.0,normal,PLF,Crédits d’investissement,"Informatique, bureautique",€
2012,5,14500.0,normal,PLF,Crédits d’investissement,"Informatique, bureautique",€
2012,6,23200.0,normal,PLF,Crédits d’investissement,"Informatique, bureautique",€
2012,7,20300.0,normal,PLF,Crédits d’investissement,"Informatique, bureautique",€
2012,8,26100.0,normal,PLF,Crédits d’investissement,"Informatique, bureautique",€
2012,9,23200.0,normal,PLF,Crédits d’investissement,"Informatique, bureautique",€
2012,10,26100.0,normal,PLF,Crédits d’investissement,"Informatique, bureautique",€
2012,11,29000.0,normal,PLF,Crédits d’investissement,"Informatique, bureautique",€
2012,12,37700.0,normal,PLF,Crédits d’investissement,"Informatique, bureautique",€
2012,1,23200.0,crise,PLF,Crédits d’investissement,"Informatique, bureautique",€
2012,2,26100.0,crise,PLF,Crédits d’investissement,"Informatique, bureautique",€
2012,3,40600.0,crise,PLF,Crédits d’investissement,"Informatique, bureautique",€
2012,4,37700.0,crise,PLF,Crédits d’investissement,"Informatique, bureautique",€
2012,5,23200.0,crise,PLF,Crédits d’investissement,"Informatique, bureautique",€
2012,6,8700.0,crise,PLF,Crédits d’investissement,"Informatique, bureautique",€
2012,7,17400.0,crise,PLF,Crédits d’investissement,"Informatique, bureautique",€
2012,8,37700.0,crise,PLF,Crédits d’investissement,"Informatique, bureautique",€
2012,9,17400.0,crise,PLF,Crédits d’investissement,"Informatique, bureautique",€
2012,10,14500.0,crise,PLF,Crédits d’investissement,"Informatique, bureautique",€
2012,11,20300.0,crise,PLF,Crédits d’investissement,"Informatique, bureautique",€
2012,12,23200.0,crise,PLF,Crédits d’investissement,"Informatique, bureautique",€
2012,1,5000.0,normal,CFX,Crédits d’investissement,"Informatique, bureautique",€
2012,2,4000.0,normal,CFX,Crédits d’investissement,"Informatique, bureautique",€
2012,3,3500.0,normal,CFX,Crédits d’investissement,"Informatique, bureautique",€
2012,4,3000.0,normal,CFX,Crédits d’investissement,"Informatique, bureautique",€
2012,5,2500.0,normal,CFX,Crédits d’investissement,"Informatique, bureautique",€
2012,6,4000.0,normal,CFX,Crédits d’investissement,"Informatique, bureautique",€
2012,7,3500.0,normal,CFX,Crédits d’investissement,"Informatique, bureautique",€
2012,8,4500.0,normal,CFX,Crédits d’investissement,"Informatique, bureautique",€
2012,9,4000.0,normal,CFX,Crédits d’investissement,"Informatique, bureautique",€
2012,10,4500.0,normal,CFX,Crédits d’investissement,"Informatique, bureautique",€
2012,11,5000.0,normal,CFX,Crédits d’investissement,"Informatique, bureautique",€
2012,12,6500.0,normal,CFX,Crédits d’investissement,"Informatique, bureautique",€
2012,1,4000.0,crise,CFX,Crédits d’investissement,"Informatique, bureautique",€
2012,2,4500.0,crise,CFX,Crédits d’investissement,"Informatique, bureautique",€
2012,3,7000.0,crise,CFX,Crédits d’investissement,"Informatique, bureautique",€
2012,4,6500.0,crise,CFX,Crédits d’investissement,"Informatique, bureautique",€
2012,5,4000.0,crise,CFX,Crédits d’investissement,"Informatique, bureautique",€
2012,6,1500.0,crise,CFX,Crédits d’investissement,"Informatique, bureautique",€
2012,7,3000.0,crise,CFX,Crédits d’investissement,"Informatique, bureautique",€
2012,8,6500.0,crise,CFX,Crédits d’investissement,"Informatique, bureautique",€
2012,9,3000.0,crise,CFX,Crédits d’investissement,"Informatique, bureautique",€
2012,10,2500.0,crise,CFX,Crédits d’investissement,"Informatique, bureautique",€
2012,11,3500.0,crise,CFX,Crédits d’investissement,"Informatique, bureautique",€
2012,12,4000.0,crise,CFX,Crédits d’investissement,"Informatique, bureautique",€
2013,1,29000.0,normal,PLF,Crédits d’investissement,"Informatique, bureautique",€
2013,2,23200.0,normal,PLF,Crédits d’investissement,"Informatique, bureautique",€
2013,3,20300.0,normal,PLF,Crédits d’investissement,"Informatique, bureautique",€
2013,4,17400.0,normal,PLF,Crédits d’investissement,"Informatique, bureautique",€
2013,5,14500.0,normal,PLF,Crédits d’investissement,"Informatique, bureautique",€
2013,6,23200.0,normal,PLF,Crédits d’investissement,"Informatique, bureautique",€
2013,7,20300.0,normal,PLF,Crédits d’investissement,"Informatique, bureautique",€
2013,8,26100.0,normal,PLF,Crédits d’investissement,"Informatique, bureautique",€
2013,9,23200.0,normal,PLF,Crédits d’investissement,"Informatique, bureautique",€
2013,10,26100.0,normal,PLF,Crédits d’investissement,"Informatique, bureautique",€
2013,11,29000.0,normal,PLF,Crédits d’investissement,"Informatique, bureautique",€
2013,12,37700.0,normal,PLF,Crédits d’investissement,"Informatique, bureautique",€
2013,1,23200.0,crise,PLF,Crédits d’investissement,"Informatique, bureautique",€
2013,2,26100.0,crise,PLF,Crédits d’investissement,"Informatique, bureautique",€
2013,3,40600.0,crise,PLF,Crédits d’investissement,"Informatique, bureautique",€
2013,4,37700.0,crise,PLF,Crédits d’investissement,"Informatique, bureautique",€
2013,5,23200.0,crise,PLF,Crédits d’investissement,"Informatique, bureautique",€
2013,6,8700.0,crise,PLF,Crédits d’investissement,"Informatique, bureautique",€
2013,7,17400.0,crise,PLF,Crédits d’investissement,"Informatique, bureautique",€
2013,8,37700.0,crise,PLF,Crédits d’investissement,"Informatique, bureautique",€
2013,9,17400.0,crise,PLF,Crédits d’investissement,"Informatique, bureautique",€
2013,10,14500.0,crise,PLF,Crédits d’investissement,"Informatique, bureautique",€
2013,11,20300.0,crise,PLF,Crédits d’investissement,"Informatique, bureautique",€
2013,12,23200.0,crise,PLF,Crédits d’investissement,"Informatique, bureautique",€
2013,1,5000.0,normal,CFX,Crédits d’investissement,"Informatique, bureautique",€
2013,2,4000.0,normal,CFX,Crédits d’investissement,"Informatique, bureautique",€
2013,3,3500.0,normal,CFX,Crédits d’investissement,"Informatique, bureautique",€
2013,4,3000.0,normal,CFX,Crédits d’investissement,"Informatique, bureautique",€
2013,5,2500.0,normal,CFX,Crédits d’investissement,"Informatique, bureautique",€
2013,6,4000.0,normal,CFX,Crédits d’investissement,"Informatique, bureautique",€
2013,7,3500.0,normal,CFX,Crédits d’investissement,"Informatique, bureautique",€
2013,8,4500.0,normal,CFX,Crédits d’investissement,"Informatique, bureautique",€
2013,9,4000.0,normal,CFX,Crédits d’investissement,"Informatique, bureautique",€
2013,10,4500.0,normal,CFX,Crédits d’investissement,"Informatique, bureautique",€
2013,11,5000.0,normal,CFX,Crédits d’investissement,"Informatique, bureautique",€
2013,12,6500.0,normal,CFX,Crédits d’investissement,"Informatique, bureautique",€
2013,1,4000.0,crise,CFX,Crédits d’investissement,"Informatique, bureautique",€
2013,2,4500.0,crise,CFX,Crédits d’investissement,"Informatique, bureautique",€
2013,3,7000.0,crise,CFX,Crédits d’investissement,"Informatique, bureautique",€
2013,4,6500.0,crise,CFX,Crédits d’investissement,"Informatique, bureautique",€
2013,5,4000.0,crise,CFX,Crédits d’investissement,"Informatique, bureautique",€
2013,6,1500.0,crise,CFX,Crédits d’investissement,"Informatique, bureautique",€
2013,7,3000.0,crise,CFX,Crédits d’investissement,"Informatique, bureautique",€
2013,8,6500.0,crise,CFX,Crédits d’investissement,"Informatique, bureautique",€
2013,9,3000.0,crise,CFX,Crédits d’investissement,"Informatique, bureautique",€
2013,10,2500.0,crise,CFX,Crédits d’investissement,"Informatique, bureautique",€
2013,11,3500.0,crise,CFX,Crédits d’investissement,"Informatique, bureautique",€
2013,12,4000.0,crise,CFX,Crédits d’investissement,"Informatique, bureautique",€
2011,1,1707000.0,normal,PLF,Crédits d’investissement,Travaux déconcentrés,€
2011,2,1365600.0,normal,PLF,Crédits d’investissement,Travaux déconcentrés,€
2011,3,1194900.0,normal,PLF,Crédits d’investissement,Travaux déconcentrés,€
2011,4,1024200.0,normal,PLF,Crédits d’investissement,Travaux déconcentrés,€
2011,5,853500.0,normal,PLF,Crédits d’investissement,Travaux déconcentrés,€
2011,6,1365600.0,normal,PLF,Crédits d’investissement,Travaux déconcentrés,€
2011,7,1194900.0,normal,PLF,Crédits d’investissement,Travaux déconcentrés,€
2011,8,1536300.0,normal,PLF,Crédits d’investissement,Travaux déconcentrés,€
2011,9,1365600.0,normal,PLF,Crédits d’investissement,Travaux déconcentrés,€
2011,10,1536300.0,normal,PLF,Crédits d’investissement,Travaux déconcentrés,€
2011,11,1707000.0,normal,PLF,Crédits d’investissement,Travaux déconcentrés,€
2011,12,2219100.0,normal,PLF,Crédits d’investissement,Travaux déconcentrés,€
2011,1,1365600.0,crise,PLF,Crédits d’investissement,Travaux déconcentrés,€
2011,2,1536300.0,crise,PLF,Crédits d’investissement,Travaux déconcentrés,€
2011,3,2389800.0,crise,PLF,Crédits d’investissement,Travaux déconcentrés,€
2011,4,2219100.0,crise,PLF,Crédits d’investissement,Travaux déconcentrés,€
2011,5,1365600.0,crise,PLF,Crédits d’investissement,Travaux déconcentrés,€
2011,6,512100.0,crise,PLF,Crédits d’investissement,Travaux déconcentrés,€
2011,7,1024200.0,crise,PLF,Crédits d’investissement,Travaux déconcentrés,€
2011,8,2219100.0,crise,PLF,Crédits d’investissement,Travaux déconcentrés,€
2011,9,1024200.0,crise,PLF,Crédits d’investissement,Travaux déconcentrés,€
2011,10,853500.0,crise,PLF,Crédits d’investissement,Travaux déconcentrés,€
2011,11,1194900.0,crise,PLF,Crédits d’investissement,Travaux déconcentrés,€
2011,12,1365600.0,crise,PLF,Crédits d’investissement,Travaux déconcentrés,€
2011,1,547000.0,normal,CFX,Crédits d’investissement,Travaux déconcentrés,€
2011,2,437600.0,normal,CFX,Crédits d’investissement,Travaux déconcentrés,€
2011,3,382900.0,normal,CFX,Crédits d’investissement,Travaux déconcentrés,€
2011,4,328200.0,normal,CFX,Crédits d’investissement,Travaux déconcentrés,€
2011,5,273500.0,normal,CFX,Crédits d’investissement,Travaux déconcentrés,€
2011,6,437600.0,normal,CFX,Crédits d’investissement,Travaux déconcentrés,€
2011,7,382900.0,normal,CFX,Crédits d’investissement,Travaux déconcentrés,€
2011,8,492300.0,normal,CFX,Crédits d’investissement,Travaux déconcentrés,€
2011,9,437600.0,normal,CFX,Crédits d’investissement,Travaux déconcentrés,€
2011,10,492300.0,normal,CFX,Crédits d’investissement,Travaux déconcentrés,€
2011,11,547000.0,normal,CFX,Crédits d’investissement,Travaux déconcentrés,€
2011,12,711100.0,normal,CFX,Crédits d’investissement,Travaux déconcentrés,€
2011,1,437600.0,crise,CFX,Crédits d’investissement,Travaux déconcentrés,€
2011,2,492300.0,crise,CFX,Crédits d’investissement,Travaux déconcentrés,€
2011,3,765800.0,crise,CFX,Crédits d’investissement,Travaux déconcentrés,€
2011,4,711100.0,crise,CFX,Crédits d’investissement,Travaux déconcentrés,€
2011,5,437600.0,crise,CFX,Crédits d’investissement,Travaux déconcentrés,€
2011,6,164100.0,crise,CFX,Crédits d’investissement,Travaux déconcentrés,€
2011,7,328200.0,crise,CFX,Crédits d’investissement,Travaux déconcentrés,€
2011,8,711100.0,crise,CFX,Crédits d’investissement,Travaux déconcentrés,€
2011,9,328200.0,crise,CFX,Crédits d’investissement,Travaux déconcentrés,€
2011,10,273500.0,crise,CFX,Crédits d’investissement,Travaux déconcentrés,€
2011,11,382900.0,crise,CFX,Crédits d’investissement,Travaux déconcentrés,€
2011,12,437600.0,crise,CFX,Crédits d’investissement,Travaux déconcentrés,€
2012,1,1707000.0,normal,PLF,Crédits d’investissement,Travaux déconcentrés,€
2012,2,1365600.0,normal,PLF,Crédits d’investissement,Travaux déconcentrés,€
2012,3,1194900.0,normal,PLF,Crédits d’investissement,Travaux déconcentrés,€
2012,4,1024200.0,normal,PLF,Crédits d’investissement,Travaux déconcentrés,€
2012,5,853500.0,normal,PLF,Crédits d’investissement,Travaux déconcentrés,€
2012,6,1365600.0,normal,PLF,Crédits d’investissement,Travaux déconcentrés,€
2012,7,1194900.0,normal,PLF,Crédits d’investissement,Travaux déconcentrés,€
2012,8,1536300.0,normal,PLF,Crédits d’investissement,Travaux déconcentrés,€
2012,9,1365600.0,normal,PLF,Crédits d’investissement,Travaux déconcentrés,€
2012,10,1536300.0,normal,PLF,Crédits d’investissement,Travaux déconcentrés,€
2012,11,1707000.0,normal,PLF,Crédits d’investissement,Travaux déconcentrés,€
2012,12,2219100.0,normal,PLF,Crédits d’investissement,Travaux déconcentrés,€
2012,1,1365600.0,crise,PLF,Crédits d’investissement,Travaux déconcentrés,€
2012,2,1536300.0,crise,PLF,Crédits d’investissement,Travaux déconcentrés,€
2012,3,2389800.0,crise,PLF,Crédits d’investissement,Travaux déconcentrés,€
2012,4,2219100.0,crise,PLF,Crédits d’investissement,Travaux déconcentrés,€
2012,5,1365600.0,crise,PLF,Crédits d’investissement,Travaux déconcentrés,€
2012,6,512100.0,crise,PLF,Crédits d’investissement,Travaux déconcentrés,€
2012,7,1024200.0,crise,PLF,Crédits d’investissement,Travaux déconcentrés,€
2012,8,2219100.0,crise,PLF,Crédits d’investissement,Travaux déconcentrés,€
2012,9,1024200.0,crise,PLF,Crédits d’investissement,Travaux déconcentrés,€
2012,10,853500.0,crise,PLF,Crédits d’investissement,Travaux déconcentrés,€
2012,11,1194900.0,crise,PLF,Crédits d’investissement,Travaux déconcentrés,€
2012,12,1365600.0,crise,PLF,Crédits d’investissement,Travaux déconcentrés,€
2012,1,547000.0,normal,CFX,Crédits d’investissement,Travaux déconcentrés,€
2012,2,437600.0,normal,CFX,Crédits d’investissement,Travaux déconcentrés,€
2012,3,382900.0,normal,CFX,Crédits d’investissement,Travaux déconcentrés,€
2012,4,328200.0,normal,CFX,Crédits d’investissement,Travaux déconcentrés,€
2012,5,273500.0,normal,CFX,Crédits d’investissement,Travaux déconcentrés,€
2012,6,437600.0,normal,CFX,Crédits d’investissement,Travaux déconcentrés,€
2012,7,382900.0,normal,CFX,Crédits d’investissement,Travaux déconcentrés,€
2012,8,492300.0,normal,CFX,Crédits d’investissement,Travaux déconcentrés,€
2012,9,437600.0,normal,CFX,Crédits d’investissement,Travaux déconcentrés,€
2012,10,492300.0,normal,CFX,Crédits d’investissement,Travaux déconcentrés,€
2012,11,547000.0,normal,CFX,Crédits d’investissement,Travaux déconcentrés,€
2012,12,711100.0,normal,CFX,Crédits d’investissement,Travaux déconcentrés,€
2012,1,437600.0,crise,CFX,Crédits d’investissement,Travaux déconcentrés,€
2012,2,492300.0,crise,CFX,Crédits d’investissement,Travaux déconcentrés,€
2012,3,765800.0,crise,CFX,Crédits d’investissement,Travaux déconcentrés,€
2012,4,711100.0,crise,CFX,Crédits d’investissement,Travaux déconcentrés,€
2012,5,437600.0,crise,CFX,Crédits d’investissement,Travaux déconcentrés,€
2012,6,164100.0,crise,CFX,Crédits d’investissement,Travaux déconcentrés,€
2012,7,328200.0,crise,CFX,Crédits d’investissement,Travaux déconcentrés,€
2012,8,711100.0,crise,CFX,Crédits d’investissement,Travaux déconcentrés,€
2012,9,328200.0,crise,CFX,Crédits d’investissement,Travaux déconcentrés,€
2012,10,273500.0,crise,CFX,Crédits d’investissement,Travaux déconcentrés,€
2012,11,382900.0,crise,CFX,Crédits d’investissement,Travaux déconcentrés,€
2012,12,437600.0,crise,CFX,Crédits d’investissement,Travaux déconcentrés,€
2013,1,1707000.0,normal,PLF,Crédits d’investissement,Travaux déconcentrés,€
2013,2,1365600.0,normal,PLF,Crédits d’investissement,Travaux déconcentrés,€
2013,3,1194900.0,normal,PLF,Crédits d’investissement,Travaux déconcentrés,€
2013,4,1024200.0,normal,PLF,Crédits d’investissement,Travaux déconcentrés,€
2013,5,853500.0,normal,PLF,Crédits d’investissement,Travaux déconcentrés,€
2013,6,1365600.0,normal,PLF,Crédits d’investissement,Travaux déconcentrés,€
2013,7,1194900.0,normal,PLF,Crédits d’investissement,Travaux déconcentrés,€
2013,8,1536300.0,normal,PLF,Crédits d’investissement,Travaux déconcentrés,€
2013,9,1365600.0,normal,PLF,Crédits d’investissement,Travaux déconcentrés,€
2013,10,1536300.0,normal,PLF,Crédits d’investissement,Travaux déconcentrés,€
2013,11,1707000.0,normal,PLF,Crédits d’investissement,Travaux déconcentrés,€
2013,12,2219100.0,normal,PLF,Crédits d’investissement,Travaux déconcentrés,€
2013,1,1365600.0,crise,PLF,Crédits d’investissement,Travaux déconcentrés,€
2013,2,1536300.0,crise,PLF,Crédits d’investissement,Travaux déconcentrés,€
2013,3,2389800.0,crise,PLF,Crédits d’investissement,Travaux déconcentrés,€
2013,4,2219100.0,crise,PLF,Crédits d’investissement,Travaux déconcentrés,€
2013,5,1365600.0,crise,PLF,Crédits d’investissement,Travaux déconcentrés,€
2013,6,512100.0,crise,PLF,Crédits d’investissement,Travaux déconcentrés,€
2013,7,1024200.0,crise,PLF,Crédits d’investissement,Travaux déconcentrés,€
2013,8,2219100.0,crise,PLF,Crédits d’investissement,Travaux déconcentrés,€
2013,9,1024200.0,crise,PLF,Crédits d’investissement,Travaux déconcentrés,€
2013,10,853500.0,crise,PLF,Crédits d’investissement,Travaux déconcentrés,€
2013,11,1194900.0,crise,PLF,Crédits d’investissement,Travaux déconcentrés,€
2013,12,1365600.0,crise,PLF,Crédits d’investissement,Travaux déconcentrés,€
2013,1,547000.0,normal,CFX,Crédits d’investissement,Travaux déconcentrés,€
2013,2,437600.0,normal,CFX,Crédits d’investissement,Travaux déconcentrés,€
2013,3,382900.0,normal,CFX,Crédits d’investissement,Travaux déconcentrés,€
2013,4,328200.0,normal,CFX,Crédits d’investissement,Travaux déconcentrés,€
2013,5,273500.0,normal,CFX,Crédits d’investissement,Travaux déconcentrés,€
2013,6,437600.0,normal,CFX,Crédits d’investissement,Travaux déconcentrés,€
2013,7,382900.0,normal,CFX,Crédits d’investissement,Travaux déconcentrés,€
2013,8,492300.0,normal,CFX,Crédits d’investissement,Travaux déconcentrés,€
2013,9,437600.0,normal,CFX,Crédits d’investissement,Travaux déconcentrés,€
2013,10,492300.0,normal,CFX,Crédits d’investissement,Travaux déconcentrés,€
2013,11,547000.0,normal,CFX,Crédits d’investissement,Travaux déconcentrés,€
2013,12,711100.0,normal,CFX,Crédits d’investissement,Travaux déconcentrés,€
2013,1,437600.0,crise,CFX,Crédits d’investissement,Travaux déconcentrés,€
2013,2,492300.0,crise,CFX,Crédits d’investissement,Travaux déconcentrés,€
2013,3,765800.0,crise,CFX,Crédits d’investissement,Travaux déconcentrés,€
2013,4,711100.0,crise,CFX,Crédits d’investissement,Travaux déconcentrés,€
2013,5,437600.0,crise,CFX,Crédits d’investissement,Travaux déconcentrés,€
2013,6,164100.0,crise,CFX,Crédits d’investissement,Travaux déconcentrés,€
2013,7,328200.0,crise,CFX,Crédits d’investissement,Travaux déconcentrés,€
2013,8,711100.0,crise,CFX,Crédits d’investissement,Travaux déconcentrés,€
2013,9,328200.0,crise,CFX,Crédits d’investissement,Travaux déconcentrés,€
2013,10,273500.0,crise,CFX,Crédits d’investissement,Travaux déconcentrés,€
2013,11,382900.0,crise,CFX,Crédits d’investissement,Travaux déconcentrés,€
2013,12,437600.0,crise,CFX,Crédits d’investissement,Travaux déconcentrés,€
2011,1,250000.0,normal,PLF,Crédits d’investissement,Équipements,€
2011,2,200000.0,normal,PLF,Crédits d’investissement,Équipements,€
2011,3,175000.0,normal,PLF,Crédits d’investissement,Équipements,€
2011,4,150000.0,normal,PLF,Crédits d’investissement,Équipements,€
2011,5,125000.0,normal,PLF,Crédits d’investissement,Équipements,€
2011,6,200000.0,normal,PLF,Crédits d’investissement,Équipements,€
2011,7,175000.0,normal,PLF,Crédits d’investissement,Équipements,€
2011,8,225000.0,normal,PLF,Crédits d’investissement,Équipements,€
2011,9,200000.0,normal,PLF,Crédits d’investissement,Équipements,€
2011,10,225000.0,normal,PLF,Crédits d’investissement,Équipements,€
2011,11,250000.0,normal,PLF,Crédits d’investissement,Équipements,€
2011,12,325000.0,normal,PLF,Crédits d’investissement,Équipements,€
2011,1,200000.0,crise,PLF,Crédits d’investissement,Équipements,€
2011,2,225000.0,crise,PLF,Crédits d’investissement,Équipements,€
2011,3,350000.0,crise,PLF,Crédits d’investissement,Équipements,€
2011,4,325000.0,crise,PLF,Crédits d’investissement,Équipements,€
2011,5,200000.0,crise,PLF,Crédits d’investissement,Équipements,€
2011,6,75000.0,crise,PLF,Crédits d’investissement,Équipements,€
2011,7,150000.0,crise,PLF,Crédits d’investissement,Équipements,€
2011,8,325000.0,crise,PLF,Crédits d’investissement,Équipements,€
2011,9,150000.0,crise,PLF,Crédits d’investissement,Équipements,€
2011,10,125000.0,crise,PLF,Crédits d’investissement,Équipements,€
2011,11,175000.0,crise,PLF,Crédits d’investissement,Équipements,€
2011,12,200000.0,crise,PLF,Crédits d’investissement,Équipements,€
2011,1,40000.0,normal,CFX,Crédits d’investissement,Équipements,€
2011,2,32000.0,normal,CFX,Crédits d’investissement,Équipements,€
2011,3,28000.0,normal,CFX,Crédits d’investissement,Équipements,€
2011,4,24000.0,normal,CFX,Crédits d’investissement,Équipements,€
2011,5,20000.0,normal,CFX,Crédits d’investissement,Équipements,€
2011,6,32000.0,normal,CFX,Crédits d’investissement,Équipements,€
2011,7,28000.0,normal,CFX,Crédits d’investissement,Équipements,€
2011,8,36000.0,normal,CFX,Crédits d’investissement,Équipements,€
2011,9,32000.0,normal,CFX,Crédits d’investissement,Équipements,€
2011,10,36000.0,normal,CFX,Crédits d’investissement,Équipements,€
2011,11,40000.0,normal,CFX,Crédits d’investissement,Équipements,€
2011,12,52000.0,normal,CFX,Crédits d’investissement,Équipements,€
2011,1,32000.0,crise,CFX,Crédits d’investissement,Équipements,€
2011,2,36000.0,crise,CFX,Crédits d’investissement,Équipements,€
2011,3,56000.0,crise,CFX,Crédits d’investissement,Équipements,€
2011,4,52000.0,crise,CFX,Crédits d’investissement,Équipements,€
2011,5,32000.0,crise,CFX,Crédits d’investissement,Équipements,€
2011,6,12000.0,crise,CFX,Crédits d’investissement,Équipements,€
2011,7,24000.0,crise,CFX,Crédits d’investissement,Équipements,€
2011,8,52000.0,crise,CFX,Crédits d’investissement,Équipements,€
2011,9,24000.0,crise,CFX,Crédits d’investissement,Équipements,€
2011,10,20000.0,crise,CFX,Crédits d’investissement,Équipements,€
2011,11,28000.0,crise,CFX,Crédits d’investissement,Équipements,€
2011,12,32000.0,crise,CFX,Crédits d’investissement,Équipements,€
2012,1,250000.0,normal,PLF,Crédits d’investissement,Équipements,€
2012,2,200000.0,normal,PLF,Crédits d’investissement,Équipements,€
2012,3,175000.0,normal,PLF,Crédits d’investissement,Équipements,€
2012,4,150000.0,normal,PLF,Crédits d’investissement,Équipements,€
2012,5,125000.0,normal,PLF,Crédits d’investissement,Équipements,€
2012,6,200000.0,normal,PLF,Crédits d’investissement,Équipements,€
2012,7,175000.0,normal,PLF,Crédits d’investissement,Équipements,€
2012,8,225000.0,normal,PLF,Crédits d’investissement,Équipements,€
2012,9,200000.0,normal,PLF,Crédits d’investissement,Équipements,€
2012,10,225000.0,normal,PLF,Crédits d’investissement,Équipements,€
2012,11,250000.0,normal,PLF,Crédits d’investissement,Équipements,€
2012,12,325000.0,normal,PLF,Crédits d’investissement,Équipements,€
2012,1,200000.0,crise,PLF,Crédits d’investissement,Équipements,€
2012,2,225000.0,crise,PLF,Crédits d’investissement,Équipements,€
2012,3,350000.0,crise,PLF,Crédits d’investissement,Équipements,€
2012,4,325000.0,crise,PLF,Crédits d’investissement,Équipements,€
2012,5,200000.0,crise,PLF,Crédits d’investissement,Équipements,€
2012,6,75000.0,crise,PLF,Crédits d’investissement,Équipements,€
2012,7,150000.0,crise,PLF,Crédits d’investissement,Équipements,€
2012,8,325000.0,crise,PLF,Crédits d’investissement,Équipements,€
2012,9,150000.0,crise,PLF,Crédits d’investissement,Équipements,€
2012,10,125000.0,crise,PLF,Crédits d’investissement,Équipements,€
2012,11,175000.0,crise,PLF,Crédits d’investissement,Équipements,€
2012,12,200000.0,crise,PLF,Crédits d’investissement,Équipements,€
2012,1,40000.0,normal,CFX,Crédits d’investissement,Équipements,€
2012,2,32000.0,normal,CFX,Crédits d’investissement,Équipements,€
2012,3,28000.0,normal,CFX,Crédits d’investissement,Équipements,€
2012,4,24000.0,normal,CFX,Crédits d’investissement,Équipements,€
2012,5,20000.0,normal,CFX,Crédits d’investissement,Équipements,€
2012,6,32000.0,normal,CFX,Crédits d’investissement,Équipements,€
2012,7,28000.0,normal,CFX,Crédits d’investissement,Équipements,€
2012,8,36000.0,normal,CFX,Crédits d’investissement,Équipements,€
2012,9,32000.0,normal,CFX,Crédits d’investissement,Équipements,€
2012,10,36000.0,normal,CFX,Crédits d’investissement,Équipements,€
2012,11,40000.0,normal,CFX,Crédits d’investissement,Équipements,€
2012,12,52000.0,normal,CFX,Crédits d’investissement,Équipements,€
2012,1,32000.0,crise,CFX,Crédits d’investissement,Équipements,€
2012,2,36000.0,crise,CFX,Crédits d’investissement,Équipements,€
2012,3,56000.0,crise,CFX,Crédits d’investissement,Équipements,€
2012,4,52000.0,crise,CFX,Crédits d’investissement,Équipements,€
2012,5,32000.0,crise,CFX,Crédits d’investissement,Équipements,€
2012,6,12000.0,crise,CFX,Crédits d’investissement,Équipements,€
2012,7,24000.0,crise,CFX,Crédits d’investissement,Équipements,€
2012,8,52000.0,crise,CFX,Crédits d’investissement,Équipements,€
2012,9,24000.0,crise,CFX,Crédits d’investissement,Équipements,€
2012,10,20000.0,crise,CFX,Crédits d’investissement,Équipements,€
2012,11,28000.0,crise,CFX,Crédits d’investissement,Équipements,€
2012,12,32000.0,crise,CFX,Crédits d’investissement,Équipements,€
2013,1,250000.0,normal,PLF,Crédits d’investissement,Équipements,€
2013,2,200000.0,normal,PLF,Crédits d’investissement,Équipements,€
2013,3,175000.0,normal,PLF,Crédits d’investissement,Équipements,€
2013,4,150000.0,normal,PLF,Crédits d’investissement,Équipements,€
2013,5,125000.0,normal,PLF,Crédits d’investissement,Équipements,€
2013,6,200000.0,normal,PLF,Crédits d’investissement,Équipements,€
2013,7,175000.0,normal,PLF,Crédits d’investissement,Équipements,€
2013,8,225000.0,normal,PLF,Crédits d’investissement,Équipements,€
2013,9,200000.0,normal,PLF,Crédits d’investissement,Équipements,€
2013,10,225000.0,normal,PLF,Crédits d’investissement,Équipements,€
2013,11,250000.0,normal,PLF,Crédits d’investissement,Équipements,€
2013,12,325000.0,normal,PLF,Crédits d’investissement,Équipements,€
2013,1,200000.0,crise,PLF,Crédits d’investissement,Équipements,€
2013,2,225000.0,crise,PLF,Crédits d’investissement,Équipements,€
2013,3,350000.0,crise,PLF,Crédits d’investissement,Équipements,€
2013,4,325000.0,crise,PLF,Crédits d’investissement,Équipements,€
2013,5,200000.0,crise,PLF,Crédits d’investissement,Équipements,€
2013,6,75000.0,crise,PLF,Crédits d’investissement,Équipements,€
2013,7,150000.0,crise,PLF,Crédits d’investissement,Équipements,€
2013,8,325000.0,crise,PLF,Crédits d’investissement,Équipements,€
2013,9,150000.0,crise,PLF,Crédits d’investissement,Équipements,€
2013,10,125000.0,crise,PLF,Crédits d’investissement,Équipements,€
2013,11,175000.0,crise,PLF,Crédits d’investissement,Équipements,€
2013,12,200000.0,crise,PLF,Crédits d’investissement,Équipements,€
2013,1,40000.0,normal,CFX,Crédits d’investissement,Équipements,€
2013,2,32000.0,normal,CFX,Crédits d’investissement,Équipements,€
2013,3,28000.0,normal,CFX,Crédits d’investissement,Équipements,€
2013,4,24000.0,normal,CFX,Crédits d’investissement,Équipements,€
2013,5,20000.0,normal,CFX,Crédits d’investissement,Équipements,€
2013,6,32000.0,normal,CFX,Crédits d’investissement,Équipements,€
2013,7,28000.0,normal,CFX,Crédits d’investissement,Équipements,€
2013,8,36000.0,normal,CFX,Crédits d’investissement,Équipements,€
2013,9,32000.0,normal,CFX,Crédits d’investissement,Équipements,€
2013,10,36000.0,normal,CFX,Crédits d’investissement,Équipements,€
2013,11,40000.0,normal,CFX,Crédits d’investissement,Équipements,€
2013,12,52000.0,normal,CFX,Crédits d’investissement,Équipements,€
2013,1,32000.0,crise,CFX,Crédits d’investissement,Équipements,€
2013,2,36000.0,crise,CFX,Crédits d’investissement,Équipements,€
2013,3,56000.0,crise,CFX,Crédits d’investissement,Équipements,€
2013,4,52000.0,crise,CFX,Crédits d’investissement,Équipements,€
2013,5,32000.0,crise,CFX,Crédits d’investissement,Équipements,€
2013,6,12000.0,crise,CFX,Crédits d’investissement,Équipements,€
2013,7,24000.0,crise,CFX,Crédits d’investissement,Équipements,€
2013,8,52000.0,crise,CFX,Crédits d’investissement,Équipements,€
2013,9,24000.0,crise,CFX,Crédits d’investissement,Équipements,€
2013,10,20000.0,crise,CFX,Crédits d’investissement,Équipements,€
2013,11,28000.0,crise,CFX,Crédits d’investissement,Équipements,€
2013,12,32000.0,crise,CFX,Crédits d’investissement,Équipements,€
2011,1,5959268.6,normal,PLF,Dépenses d’exploitation,"Amortissements, provisions et autres charges",€
2011,2,4767414.88,normal,PLF,Dépenses d’exploitation,"Amortissements, provisions et autres charges",€
2011,3,4171488.02,normal,PLF,Dépenses d’exploitation,"Amortissements, provisions et autres charges",€
2011,4,3575561.16,normal,PLF,Dépenses d’exploitation,"Amortissements, provisions et autres charges",€
2011,5,2979634.3,normal,PLF,Dépenses d’exploitation,"Amortissements, provisions et autres charges",€
2011,6,4767414.88,normal,PLF,Dépenses d’exploitation,"Amortissements, provisions et autres charges",€
2011,7,4171488.02,normal,PLF,Dépenses d’exploitation,"Amortissements, provisions et autres charges",€
2011,8,5363341.74,normal,PLF,Dépenses d’exploitation,"Amortissements, provisions et autres charges",€
2011,9,4767414.88,normal,PLF,Dépenses d’exploitation,"Amortissements, provisions et autres charges",€
2011,10,5363341.74,normal,PLF,Dépenses d’exploitation,"Amortissements, provisions et autres charges",€
2011,11,5959268.6,normal,PLF,Dépenses d’exploitation,"Amortissements, provisions et autres charges",€
2011,12,7747049.18,normal,PLF,Dépenses d’exploitation,"Amortissements, provisions et autres charges",€
2011,1,4767414.88,crise,PLF,Dépenses d’exploitation,"Amortissements, provisions et autres charges",€
2011,2,5363341.74,crise,PLF,Dépenses d’exploitation,"Amortissements, provisions et autres charges",€
2011,3,8342976.04,crise,PLF,Dépenses d’exploitation,"Amortissements, provisions et autres charges",€
2011,4,7747049.18,crise,PLF,Dépenses d’exploitation,"Amortissements, provisions et autres charges",€
2011,5,4767414.88,crise,PLF,Dépenses d’exploitation,"Amortissements, provisions et autres charges",€
2011,6,1787780.58,crise,PLF,Dépenses d’exploitation,"Amortissements, provisions et autres charges",€
2011,7,3575561.16,crise,PLF,Dépenses d’exploitation,"Amortissements, provisions et autres charges",€
2011,8,7747049.18,crise,PLF,Dépenses d’exploitation,"Amortissements, provisions et autres charges",€
2011,9,3575561.16,crise,PLF,Dépenses d’exploitation,"Amortissements, provisions et autres charges",€
2011,10,2979634.3,crise,PLF,Dépenses d’exploitation,"Amortissements, provisions et autres charges",€
2011,11,4171488.02,crise,PLF,Dépenses d’exploitation,"Amortissements, provisions et autres charges",€
2011,12,4767414.88,crise,PLF,Dépenses d’exploitation,"Amortissements, provisions et autres charges",€
2011,1,498499.0,normal,CFX,Dépenses d’exploitation,"Amortissements, provisions et autres charges",€
2011,2,398799.2,normal,CFX,Dépenses d’exploitation,"Amortissements, provisions et autres charges",€
2011,3,348949.3,normal,CFX,Dépenses d’exploitation,"Amortissements, provisions et autres charges",€
2011,4,299099.4,normal,CFX,Dépenses d’exploitation,"Amortissements, provisions et autres charges",€
2011,5,249249.5,normal,CFX,Dépenses d’exploitation,"Amortissements, provisions et autres charges",€
2011,6,398799.2,normal,CFX,Dépenses d’exploitation,"Amortissements, provisions et autres charges",€
2011,7,348949.3,normal,CFX,Dépenses d’exploitation,"Amortissements, provisions et autres charges",€
2011,8,448649.1,normal,CFX,Dépenses d’exploitation,"Amortissements, provisions et autres charges",€
2011,9,398799.2,normal,CFX,Dépenses d’exploitation,"Amortissements, provisions et autres charges",€
2011,10,448649.1,normal,CFX,Dépenses d’exploitation,"Amortissements, provisions et autres charges",€
2011,11,498499.0,normal,CFX,Dépenses d’exploitation,"Amortissements, provisions et autres charges",€
2011,12,648048.7,normal,CFX,Dépenses d’exploitation,"Amortissements, provisions et autres charges",€
2011,1,398799.2,crise,CFX,Dépenses d’exploitation,"Amortissements, provisions et autres charges",€
2011,2,448649.1,crise,CFX,Dépenses d’exploitation,"Amortissements, provisions et autres charges",€
2011,3,697898.6,crise,CFX,Dépenses d’exploitation,"Amortissements, provisions et autres charges",€
2011,4,648048.7,crise,CFX,Dépenses d’exploitation,"Amortissements, provisions et autres charges",€
2011,5,398799.2,crise,CFX,Dépenses d’exploitation,"Amortissements, provisions et autres charges",€
2011,6,149549.7,crise,CFX,Dépenses d’exploitation,"Amortissements, provisions et autres charges",€
2011,7,299099.4,crise,CFX,Dépenses d’exploitation,"Amortissements, provisions et autres charges",€
2011,8,648048.7,crise,CFX,Dépenses d’exploitation,"Amortissements, provisions et autres charges",€
2011,9,299099.4,crise,CFX,Dépenses d’exploitation,"Amortissements, provisions et autres charges",€
2011,10,249249.5,crise,CFX,Dépenses d’exploitation,"Amortissements, provisions et autres charges",€
2011,11,348949.3,crise,CFX,Dépenses d’exploitation,"Amortissements, provisions et autres charges",€
2011,12,398799.2,crise,CFX,Dépenses d’exploitation,"Amortissements, provisions et autres charges",€
2012,1,5959268.6,normal,PLF,Dépenses d’exploitation,"Amortissements, provisions et autres charges",€
2012,2,4767414.88,normal,PLF,Dépenses d’exploitation,"Amortissements, provisions et autres charges",€
2012,3,4171488.02,normal,PLF,Dépenses d’exploitation,"Amortissements, provisions et autres charges",€
2012,4,3575561.16,normal,PLF,Dépenses d’exploitation,"Amortissements, provisions et autres charges",€
2012,5,2979634.3,normal,PLF,Dépenses d’exploitation,"Amortissements, provisions et autres charges",€
2012,6,4767414.88,normal,PLF,Dépenses d’exploitation,"Amortissements, provisions et autres charges",€
2012,7,4171488.02,normal,PLF,Dépenses d’exploitation,"Amortissements, provisions et autres charges",€
2012,8,5363341.74,normal,PLF,Dépenses d’exploitation,"Amortissements, provisions et autres charges",€
2012,9,4767414.88,normal,PLF,Dépenses d’exploitation,"Amortissements, provisions et autres charges",€
2012,10,5363341.74,normal,PLF,Dépenses d’exploitation,"Amortissements, provisions et autres charges",€
2012,11,5959268.6,normal,PLF,Dépenses d’exploitation,"Amortissements, provisions et autres charges",€
2012,12,7747049.18,normal,PLF,Dépenses d’exploitation,"Amortissements, provisions et autres charges",€
2012,1,4767414.88,crise,PLF,Dépenses d’exploitation,"Amortissements, provisions et autres charges",€
2012,2,5363341.74,crise,PLF,Dépenses d’exploitation,"Amortissements, provisions et autres charges",€
2012,3,8342976.04,crise,PLF,Dépenses d’exploitation,"Amortissements, provisions et autres charges",€
2012,4,7747049.18,crise,PLF,Dépenses d’exploitation,"Amortissements, provisions et autres charges",€
2012,5,4767414.88,crise,PLF,Dépenses d’exploitation,"Amortissements, provisions et autres charges",€
2012,6,1787780.58,crise,PLF,Dépenses d’exploitation,"Amortissements, provisions et autres charges",€
2012,7,3575561.16,crise,PLF,Dépenses d’exploitation,"Amortissements, provisions et autres charges",€
2012,8,7747049.18,crise,PLF,Dépenses d’exploitation,"Amortissements, provisions et autres charges",€
2012,9,3575561.16,crise,PLF,Dépenses d’exploitation,"Amortissements, provisions et autres charges",€
2012,10,2979634.3,crise,PLF,Dépenses d’exploitation,"Amortissements, provisions et autres charges",€
2012,11,4171488.02,crise,PLF,Dépenses d’exploitation,"Amortissements, provisions et autres charges",€
2012,12,4767414.88,crise,PLF,Dépenses d’exploitation,"Amortissements, provisions et autres charges",€
2012,1,498499.0,normal,CFX,Dépenses d’exploitation,"Amortissements, provisions et autres charges",€
2012,2,398799.2,normal,CFX,Dépenses d’exploitation,"Amortissements, provisions et autres charges",€
2012,3,348949.3,normal,CFX,Dépenses d’exploitation,"Amortissements, provisions et autres charges",€
2012,4,299099.4,normal,CFX,Dépenses d’exploitation,"Amortissements, provisions et autres charges",€
2012,5,249249.5,normal,CFX,Dépenses d’exploitation,"Amortissements, provisions et autres charges",€
2012,6,398799.2,normal,CFX,Dépenses d’exploitation,"Amortissements, provisions et autres charges",€
2012,7,348949.3,normal,CFX,Dépenses d’exploitation,"Amortissements, provisions et autres charges",€
2012,8,448649.1,normal,CFX,Dépenses d’exploitation,"Amortissements, provisions et autres charges",€
2012,9,398799.2,normal,CFX,Dépenses d’exploitation,"Amortissements, provisions et autres charges",€
2012,10,448649.1,normal,CFX,Dépenses d’exploitation,"Amortissements, provisions et autres charges",€
2012,11,498499.0,normal,CFX,Dépenses d’exploitation,"Amortissements, provisions et autres charges",€
2012,12,648048.7,normal,CFX,Dépenses d’exploitation,"Amortissements, provisions et autres charges",€
2012,1,398799.2,crise,CFX,Dépenses d’exploitation,"Amortissements, provisions et autres charges",€
2012,2,448649.1,crise,CFX,Dépenses d’exploitation,"Amortissements, provisions et autres charges",€
2012,3,697898.6,crise,CFX,Dépenses d’exploitation,"Amortissements, provisions et autres charges",€
2012,4,648048.7,crise,CFX,Dépenses d’exploitation,"Amortissements, provisions et autres charges",€
2012,5,398799.2,crise,CFX,Dépenses d’exploitation,"Amortissements, provisions et autres charges",€
2012,6,149549.7,crise,CFX,Dépenses d’exploitation,"Amortissements, provisions et autres charges",€
2012,7,299099.4,crise,CFX,Dépenses d’exploitation,"Amortissements, provisions et autres charges",€
2012,8,648048.7,crise,CFX,Dépenses d’exploitation,"Amortissements, provisions et autres charges",€
2012,9,299099.4,crise,CFX,Dépenses d’exploitation,"Amortissements, provisions et autres charges",€
2012,10,249249.5,crise,CFX,Dépenses d’exploitation,"Amortissements, provisions et autres charges",€
2012,11,348949.3,crise,CFX,Dépenses d’exploitation,"Amortissements, provisions et autres charges",€
2012,12,398799.2,crise,CFX,Dépenses d’exploitation,"Amortissements, provisions et autres charges",€
2013,1,5734179.07,normal,PLF,Dépenses d’exploitation,"Amortissements, provisions et autres charges",€
2013,2,4587343.25,normal,PLF,Dépenses d’exploitation,"Amortissements, provisions et autres charges",€
2013,3,4013925.35,normal,PLF,Dépenses d’exploitation,"Amortissements, provisions et autres charges",€
2013,4,3440507.44,normal,PLF,Dépenses d’exploitation,"Amortissements, provisions et autres charges",€
2013,5,2867089.53,normal,PLF,Dépenses d’exploitation,"Amortissements, provisions et autres charges",€
2013,6,4587343.25,normal,PLF,Dépenses d’exploitation,"Amortissements, provisions et autres charges",€
2013,7,4013925.35,normal,PLF,Dépenses d’exploitation,"Amortissements, provisions et autres charges",€
2013,8,5160761.16,normal,PLF,Dépenses d’exploitation,"Amortissements, provisions et autres charges",€
2013,9,4587343.25,normal,PLF,Dépenses d’exploitation,"Amortissements, provisions et autres charges",€
2013,10,5160761.16,normal,PLF,Dépenses d’exploitation,"Amortissements, provisions et autres charges",€
2013,11,5734179.07,normal,PLF,Dépenses d’exploitation,"Amortissements, provisions et autres charges",€
2013,12,7454432.79,normal,PLF,Dépenses d’exploitation,"Amortissements, provisions et autres charges",€
2013,1,4587343.25,crise,PLF,Dépenses d’exploitation,"Amortissements, provisions et autres charges",€
2013,2,5160761.16,crise,PLF,Dépenses d’exploitation,"Amortissements, provisions et autres charges",€
2013,3,8027850.69,crise,PLF,Dépenses d’exploitation,"Amortissements, provisions et autres charges",€
2013,4,7454432.79,crise,PLF,Dépenses d’exploitation,"Amortissements, provisions et autres charges",€
2013,5,4587343.25,crise,PLF,Dépenses d’exploitation,"Amortissements, provisions et autres charges",€
2013,6,1720253.72,crise,PLF,Dépenses d’exploitation,"Amortissements, provisions et autres charges",€
2013,7,3440507.44,crise,PLF,Dépenses d’exploitation,"Amortissements, provisions et autres charges",€
2013,8,7454432.79,crise,PLF,Dépenses d’exploitation,"Amortissements, provisions et autres charges",€
2013,9,3440507.44,crise,PLF,Dépenses d’exploitation,"Amortissements, provisions et autres charges",€
2013,10,2867089.53,crise,PLF,Dépenses d’exploitation,"Amortissements, provisions et autres charges",€
2013,11,4013925.35,crise,PLF,Dépenses d’exploitation,"Amortissements, provisions et autres charges",€
2013,12,4587343.25,crise,PLF,Dépenses d’exploitation,"Amortissements, provisions et autres charges",€
2013,1,480999.33,normal,CFX,Dépenses d’exploitation,"Amortissements, provisions et autres charges",€
2013,2,384799.47,normal,CFX,Dépenses d’exploitation,"Amortissements, provisions et autres charges",€
2013,3,336699.53,normal,CFX,Dépenses d’exploitation,"Amortissements, provisions et autres charges",€
2013,4,288599.6,normal,CFX,Dépenses d’exploitation,"Amortissements, provisions et autres charges",€
2013,5,240499.67,normal,CFX,Dépenses d’exploitation,"Amortissements, provisions et autres charges",€
2013,6,384799.47,normal,CFX,Dépenses d’exploitation,"Amortissements, provisions et autres charges",€
2013,7,336699.53,normal,CFX,Dépenses d’exploitation,"Amortissements, provisions et autres charges",€
2013,8,432899.4,normal,CFX,Dépenses d’exploitation,"Amortissements, provisions et autres charges",€
2013,9,384799.47,normal,CFX,Dépenses d’exploitation,"Amortissements, provisions et autres charges",€
2013,10,432899.4,normal,CFX,Dépenses d’exploitation,"Amortissements, provisions et autres charges",€
2013,11,480999.33,normal,CFX,Dépenses d’exploitation,"Amortissements, provisions et autres charges",€
2013,12,625299.13,normal,CFX,Dépenses d’exploitation,"Amortissements, provisions et autres charges",€
2013,1,384799.47,crise,CFX,Dépenses d’exploitation,"Amortissements, provisions et autres charges",€
2013,2,432899.4,crise,CFX,Dépenses d’exploitation,"Amortissements, provisions et autres charges",€
2013,3,673399.07,crise,CFX,Dépenses d’exploitation,"Amortissements, provisions et autres charges",€
2013,4,625299.13,crise,CFX,Dépenses d’exploitation,"Amortissements, provisions et autres charges",€
2013,5,384799.47,crise,CFX,Dépenses d’exploitation,"Amortissements, provisions et autres charges",€
2013,6,144299.8,crise,CFX,Dépenses d’exploitation,"Amortissements, provisions et autres charges",€
2013,7,288599.6,crise,CFX,Dépenses d’exploitation,"Amortissements, provisions et autres charges",€
2013,8,625299.13,crise,CFX,Dépenses d’exploitation,"Amortissements, provisions et autres charges",€
2013,9,288599.6,crise,CFX,Dépenses d’exploitation,"Amortissements, provisions et autres charges",€
2013,10,240499.67,crise,CFX,Dépenses d’exploitation,"Amortissements, provisions et autres charges",€
2013,11,336699.53,crise,CFX,Dépenses d’exploitation,"Amortissements, provisions et autres charges",€
2013,12,384799.47,crise,CFX,Dépenses d’exploitation,"Amortissements, provisions et autres charges",€
2014,1,5509089.53,normal,PLF,Dépenses d’exploitation,"Amortissements, provisions et autres charges",€
2014,2,4407271.63,normal,PLF,Dépenses d’exploitation,"Amortissements, provisions et autres charges",€
2014,3,3856362.67,normal,PLF,Dépenses d’exploitation,"Amortissements, provisions et autres charges",€
2014,4,3305453.72,normal,PLF,Dépenses d’exploitation,"Amortissements, provisions et autres charges",€
2014,5,2754544.77,normal,PLF,Dépenses d’exploitation,"Amortissements, provisions et autres charges",€
2014,6,4407271.63,normal,PLF,Dépenses d’exploitation,"Amortissements, provisions et autres charges",€
2014,7,3856362.67,normal,PLF,Dépenses d’exploitation,"Amortissements, provisions et autres charges",€
2014,8,4958180.58,normal,PLF,Dépenses d’exploitation,"Amortissements, provisions et autres charges",€
2014,9,4407271.63,normal,PLF,Dépenses d’exploitation,"Amortissements, provisions et autres charges",€
2014,10,4958180.58,normal,PLF,Dépenses d’exploitation,"Amortissements, provisions et autres charges",€
2014,11,5509089.53,normal,PLF,Dépenses d’exploitation,"Amortissements, provisions et autres charges",€
2014,12,7161816.39,normal,PLF,Dépenses d’exploitation,"Amortissements, provisions et autres charges",€
2014,1,4407271.63,crise,PLF,Dépenses d’exploitation,"Amortissements, provisions et autres charges",€
2014,2,4958180.58,crise,PLF,Dépenses d’exploitation,"Amortissements, provisions et autres charges",€
2014,3,7712725.35,crise,PLF,Dépenses d’exploitation,"Amortissements, provisions et autres charges",€
2014,4,7161816.39,crise,PLF,Dépenses d’exploitation,"Amortissements, provisions et autres charges",€
2014,5,4407271.63,crise,PLF,Dépenses d’exploitation,"Amortissements, provisions et autres charges",€
2014,6,1652726.86,crise,PLF,Dépenses d’exploitation,"Amortissements, provisions et autres charges",€
2014,7,3305453.72,crise,PLF,Dépenses d’exploitation,"Amortissements, provisions et autres charges",€
2014,8,7161816.39,crise,PLF,Dépenses d’exploitation,"Amortissements, provisions et autres charges",€
2014,9,3305453.72,crise,PLF,Dépenses d’exploitation,"Amortissements, provisions et autres charges",€
2014,10,2754544.77,crise,PLF,Dépenses d’exploitation,"Amortissements, provisions et autres charges",€
2014,11,3856362.67,crise,PLF,Dépenses d’exploitation,"Amortissements, provisions et autres charges",€
2014,12,4407271.63,crise,PLF,Dépenses d’exploitation,"Amortissements, provisions et autres charges",€
2014,1,463499.67,normal,CFX,Dépenses d’exploitation,"Amortissements, provisions et autres charges",€
2014,2,370799.73,normal,CFX,Dépenses d’exploitation,"Amortissements, provisions et autres charges",€
2014,3,324449.77,normal,CFX,Dépenses d’exploitation,"Amortissements, provisions et autres charges",€
2014,4,278099.8,normal,CFX,Dépenses d’exploitation,"Amortissements, provisions et autres charges",€
2014,5,231749.83,normal,CFX,Dépenses d’exploitation,"Amortissements, provisions et autres charges",€
2014,6,370799.73,normal,CFX,Dépenses d’exploitation,"Amortissements, provisions et autres charges",€
2014,7,324449.77,normal,CFX,Dépenses d’exploitation,"Amortissements, provisions et autres charges",€
2014,8,417149.7,normal,CFX,Dépenses d’exploitation,"Amortissements, provisions et autres charges",€
2014,9,370799.73,normal,CFX,Dépenses d’exploitation,"Amortissements, provisions et autres charges",€
2014,10,417149.7,normal,CFX,Dépenses d’exploitation,"Amortissements, provisions et autres charges",€
2014,11,463499.67,normal,CFX,Dépenses d’exploitation,"Amortissements, provisions et autres charges",€
2014,12,602549.57,normal,CFX,Dépenses d’exploitation,"Amortissements, provisions et autres charges",€
2014,1,370799.73,crise,CFX,Dépenses d’exploitation,"Amortissements, provisions et autres charges",€
2014,2,417149.7,crise,CFX,Dépenses d’exploitation,"Amortissements, provisions et autres charges",€
2014,3,648899.53,crise,CFX,Dépenses d’exploitation,"Amortissements, provisions et autres charges",€
2014,4,602549.57,crise,CFX,Dépenses d’exploitation,"Amortissements, provisions et autres charges",€
2014,5,370799.73,crise,CFX,Dépenses d’exploitation,"Amortissements, provisions et autres charges",€
2014,6,139049.9,crise,CFX,Dépenses d’exploitation,"Amortissements, provisions et autres charges",€
2014,7,278099.8,crise,CFX,Dépenses d’exploitation,"Amortissements, provisions et autres charges",€
2014,8,602549.57,crise,CFX,Dépenses d’exploitation,"Amortissements, provisions et autres charges",€
2014,9,278099.8,crise,CFX,Dépenses d’exploitation,"Amortissements, provisions et autres charges",€
2014,10,231749.83,crise,CFX,Dépenses d’exploitation,"Amortissements, provisions et autres charges",€
2014,11,324449.77,crise,CFX,Dépenses d’exploitation,"Amortissements, provisions et autres charges",€
2014,12,370799.73,crise,CFX,Dépenses d’exploitation,"Amortissements, provisions et autres charges",€
2015,1,5284000.0,normal,PLF,Dépenses d’exploitation,"Amortissements, provisions et autres charges",€
2015,2,4227200.0,normal,PLF,Dépenses d’exploitation,"Amortissements, provisions et autres charges",€
2015,3,3698800.0,normal,PLF,Dépenses d’exploitation,"Amortissements, provisions et autres charges",€
2015,4,3170400.0,normal,PLF,Dépenses d’exploitation,"Amortissements, provisions et autres charges",€
2015,5,2642000.0,normal,PLF,Dépenses d’exploitation,"Amortissements, provisions et autres charges",€
2015,6,4227200.0,normal,PLF,Dépenses d’exploitation,"Amortissements, provisions et autres charges",€
2015,7,3698800.0,normal,PLF,Dépenses d’exploitation,"Amortissements, provisions et autres charges",€
2015,8,4755600.0,normal,PLF,Dépenses d’exploitation,"Amortissements, provisions et autres charges",€
2015,9,4227200.0,normal,PLF,Dépenses d’exploitation,"Amortissements, provisions et autres charges",€
2015,10,4755600.0,normal,PLF,Dépenses d’exploitation,"Amortissements, provisions et autres charges",€
2015,11,5284000.0,normal,PLF,Dépenses d’exploitation,"Amortissements, provisions et autres charges",€
2015,12,6869200.0,normal,PLF,Dépenses d’exploitation,"Amortissements, provisions et autres charges",€
2015,1,4227200.0,crise,PLF,Dépenses d’exploitation,"Amortissements, provisions et autres charges",€
2015,2,4755600.0,crise,PLF,Dépenses d’exploitation,"Amortissements, provisions et autres charges",€
2015,3,7397600.0,crise,PLF,Dépenses d’exploitation,"Amortissements, provisions et autres charges",€
2015,4,6869200.0,crise,PLF,Dépenses d’exploitation,"Amortissements, provisions et autres charges",€
2015,5,4227200.0,crise,PLF,Dépenses d’exploitation,"Amortissements, provisions et autres charges",€
2015,6,1585200.0,crise,PLF,Dépenses d’exploitation,"Amortissements, provisions et autres charges",€
2015,7,3170400.0,crise,PLF,Dépenses d’exploitation,"Amortissements, provisions et autres charges",€
2015,8,6869200.0,crise,PLF,Dépenses d’exploitation,"Amortissements, provisions et autres charges",€
2015,9,3170400.0,crise,PLF,Dépenses d’exploitation,"Amortissements, provisions et autres charges",€
2015,10,2642000.0,crise,PLF,Dépenses d’exploitation,"Amortissements, provisions et autres charges",€
2015,11,3698800.0,crise,PLF,Dépenses d’exploitation,"Amortissements, provisions et autres charges",€
2015,12,4227200.0,crise,PLF,Dépenses d’exploitation,"Amortissements, provisions et autres charges",€
2015,1,446000.0,normal,CFX,Dépenses d’exploitation,"Amortissements, provisions et autres charges",€
2015,2,356800.0,normal,CFX,Dépenses d’exploitation,"Amortissements, provisions et autres charges",€
2015,3,312200.0,normal,CFX,Dépenses d’exploitation,"Amortissements, provisions et autres charges",€
2015,4,267600.0,normal,CFX,Dépenses d’exploitation,"Amortissements, provisions et autres charges",€
2015,5,223000.0,normal,CFX,Dépenses d’exploitation,"Amortissements, provisions et autres charges",€
2015,6,356800.0,normal,CFX,Dépenses d’exploitation,"Amortissements, provisions et autres charges",€
2015,7,312200.0,normal,CFX,Dépenses d’exploitation,"Amortissements, provisions et autres charges",€
2015,8,401400.0,normal,CFX,Dépenses d’exploitation,"Amortissements, provisions et autres charges",€
2015,9,356800.0,normal,CFX,Dépenses d’exploitation,"Amortissements, provisions et autres charges",€
2015,10,401400.0,normal,CFX,Dépenses d’exploitation,"Amortissements, provisions et autres charges",€
2015,11,446000.0,normal,CFX,Dépenses d’exploitation,"Amortissements, provisions et autres charges",€
2015,12,579800.0,normal,CFX,Dépenses d’exploitation,"Amortissements, provisions et autres charges",€
2015,1,356800.0,crise,CFX,Dépenses d’exploitation,"Amortissements, provisions et autres charges",€
2015,2,401400.0,crise,CFX,Dépenses d’exploitation,"Amortissements, provisions et autres charges",€
2015,3,624400.0,crise,CFX,Dépenses d’exploitation,"Amortissements, provisions et autres charges",€
2015,4,579800.0,crise,CFX,Dépenses d’exploitation,"Amortissements, provisions et autres charges",€
2015,5,356800.0,crise,CFX,Dépenses d’exploitation,"Amortissements, provisions et autres charges",€
2015,6,133800.0,crise,CFX,Dépenses d’exploitation,"Amortissements, provisions et autres charges",€
2015,7,267600.0,crise,CFX,Dépenses d’exploitation,"Amortissements, provisions et autres charges",€
2015,8,579800.0,crise,CFX,Dépenses d’exploitation,"Amortissements, provisions et autres charges",€
2015,9,267600.0,crise,CFX,Dépenses d’exploitation,"Amortissements, provisions et autres charges",€
2015,10,223000.0,crise,CFX,Dépenses d’exploitation,"Amortissements, provisions et autres charges",€
2015,11,312200.0,crise,CFX,Dépenses d’exploitation,"Amortissements, provisions et autres charges",€
2015,12,356800.0,crise,CFX,Dépenses d’exploitation,"Amortissements, provisions et autres charges",€
2016,1,5284000.0,normal,PLF,Dépenses d’exploitation,"Amortissements, provisions et autres charges",€
2016,2,4227200.0,normal,PLF,Dépenses d’exploitation,"Amortissements, provisions et autres charges",€
2016,3,3698800.0,normal,PLF,Dépenses d’exploitation,"Amortissements, provisions et autres charges",€
2016,4,3170400.0,normal,PLF,Dépenses d’exploitation,"Amortissements, provisions et autres charges",€
2016,5,2642000.0,normal,PLF,Dépenses d’exploitation,"Amortissements, provisions et autres charges",€
2016,6,4227200.0,normal,PLF,Dépenses d’exploitation,"Amortissements, provisions et autres charges",€
2016,7,3698800.0,normal,PLF,Dépenses d’exploitation,"Amortissements, provisions et autres charges",€
2016,8,4755600.0,normal,PLF,Dépenses d’exploitation,"Amortissements, provisions et autres charges",€
2016,9,4227200.0,normal,PLF,Dépenses d’exploitation,"Amortissements, provisions et autres charges",€
2016,10,4755600.0,normal,PLF,Dépenses d’exploitation,"Amortissements, provisions et autres charges",€
2016,11,5284000.0,normal,PLF,Dépenses d’exploitation,"Amortissements, provisions et autres charges",€
2016,12,6869200.0,normal,PLF,Dépenses d’exploitation,"Amortissements, provisions et autres charges",€
2016,1,4227200.0,crise,PLF,Dépenses d’exploitation,"Amortissements, provisions et autres charges",€
2016,2,4755600.0,crise,PLF,Dépenses d’exploitation,"Amortissements, provisions et autres charges",€
2016,3,7397600.0,crise,PLF,Dépenses d’exploitation,"Amortissements, provisions et autres charges",€
2016,4,6869200.0,crise,PLF,Dépenses d’exploitation,"Amortissements, provisions et autres charges",€
2016,5,4227200.0,crise,PLF,Dépenses d’exploitation,"Amortissements, provisions et autres charges",€
2016,6,1585200.0,crise,PLF,Dépenses d’exploitation,"Amortissements, provisions et autres charges",€
2016,7,3170400.0,crise,PLF,Dépenses d’exploitation,"Amortissements, provisions et autres charges",€
2016,8,6869200.0,crise,PLF,Dépenses d’exploitation,"Amortissements, provisions et autres charges",€
2016,9,3170400.0,crise,PLF,Dépenses d’exploitation,"Amortissements, provisions et autres charges",€
2016,10,2642000.0,crise,PLF,Dépenses d’exploitation,"Amortissements, provisions et autres charges",€
2016,11,3698800.0,crise,PLF,Dépenses d’exploitation,"Amortissements, provisions et autres charges",€
2016,12,4227200.0,crise,PLF,Dépenses d’exploitation,"Amortissements, provisions et autres charges",€
2016,1,446000.0,normal,CFX,Dépenses d’exploitation,"Amortissements, provisions et autres charges",€
2016,2,356800.0,normal,CFX,Dépenses d’exploitation,"Amortissements, provisions et autres charges",€
2016,3,312200.0,normal,CFX,Dépenses d’exploitation,"Amortissements, provisions et autres charges",€
2016,4,267600.0,normal,CFX,Dépenses d’exploitation,"Amortissements, provisions et autres charges",€
2016,5,223000.0,normal,CFX,Dépenses d’exploitation,"Amortissements, provisions et autres charges",€
2016,6,356800.0,normal,CFX,Dépenses d’exploitation,"Amortissements, provisions et autres charges",€
2016,7,312200.0,normal,CFX,Dépenses d’exploitation,"Amortissements, provisions et autres charges",€
2016,8,401400.0,normal,CFX,Dépenses d’exploitation,"Amortissements, provisions et autres charges",€
2016,9,356800.0,normal,CFX,Dépenses d’exploitation,"Amortissements, provisions et autres charges",€
2016,10,401400.0,normal,CFX,Dépenses d’exploitation,"Amortissements, provisions et autres charges",€
2016,11,446000.0,normal,CFX,Dépenses d’exploitation,"Amortissements, provisions et autres charges",€
2016,12,579800.0,normal,CFX,Dépenses d’exploitation,"Amortissements, provisions et autres charges",€
2016,1,356800.0,crise,CFX,Dépenses d’exploitation,"Amortissements, provisions et autres charges",€
2016,2,401400.0,crise,CFX,Dépenses d’exploitation,"Amortissements, provisions et autres charges",€
2016,3,624400.0,crise,CFX,Dépenses d’exploitation,"Amortissements, provisions et autres charges",€
2016,4,579800.0,crise,CFX,Dépenses d’exploitation,"Amortissements, provisions et autres charges",€
2016,5,356800.0,crise,CFX,Dépenses d’exploitation,"Amortissements, provisions et autres charges",€
2016,6,133800.0,crise,CFX,Dépenses d’exploitation,"Amortissements, provisions et autres charges",€
2016,7,267600.0,crise,CFX,Dépenses d’exploitation,"Amortissements, provisions et autres charges",€
2016,8,579800.0,crise,CFX,Dépenses d’exploitation,"Amortissements, provisions et autres charges",€
2016,9,267600.0,crise,CFX,Dépenses d’exploitation,"Amortissements, provisions et autres charges",€
2016,10,223000.0,crise,CFX,Dépenses d’exploitation,"Amortissements, provisions et autres charges",€
2016,11,312200.0,crise,CFX,Dépenses d’exploitation,"Amortissements, provisions et autres charges",€
2016,12,356800.0,crise,CFX,Dépenses d’exploitation,"Amortissements, provisions et autres charges",€
2011,1,39078963.5,normal,PLF,Dépenses d’exploitation,Charges relatives au personnel,€
2011,2,31263170.8,normal,PLF,Dépenses d’exploitation,Charges relatives au personnel,€
2011,3,27355274.45,normal,PLF,Dépenses d’exploitation,Charges relatives au personnel,€
2011,4,23447378.1,normal,PLF,Dépenses d’exploitation,Charges relatives au personnel,€
2011,5,19539481.75,normal,PLF,Dépenses d’exploitation,Charges relatives au personnel,€
2011,6,31263170.8,normal,PLF,Dépenses d’exploitation,Charges relatives au personnel,€
2011,7,27355274.45,normal,PLF,Dépenses d’exploitation,Charges relatives au personnel,€
2011,8,35171067.15,normal,PLF,Dépenses d’exploitation,Charges relatives au personnel,€
2011,9,31263170.8,normal,PLF,Dépenses d’exploitation,Charges relatives au personnel,€
2011,10,35171067.15,normal,PLF,Dépenses d’exploitation,Charges relatives au personnel,€
2011,11,39078963.5,normal,PLF,Dépenses d’exploitation,Charges relatives au personnel,€
2011,12,50802652.55,normal,PLF,Dépenses d’exploitation,Charges relatives au personnel,€
2011,1,31263170.8,crise,PLF,Dépenses d’exploitation,Charges relatives au personnel,€
2011,2,35171067.15,crise,PLF,Dépenses d’exploitation,Charges relatives au personnel,€
2011,3,54710548.9,crise,PLF,Dépenses d’exploitation,Charges relatives au personnel,€
2011,4,50802652.55,crise,PLF,Dépenses d’exploitation,Charges relatives au personnel,€
2011,5,31263170.8,crise,PLF,Dépenses d’exploitation,Charges relatives au personnel,€
2011,6,11723689.05,crise,PLF,Dépenses d’exploitation,Charges relatives au personnel,€
2011,7,23447378.1,crise,PLF,Dépenses d’exploitation,Charges relatives au personnel,€
2011,8,50802652.55,crise,PLF,Dépenses d’exploitation,Charges relatives au personnel,€
2011,9,23447378.1,crise,PLF,Dépenses d’exploitation,Charges relatives au personnel,€
2011,10,19539481.75,crise,PLF,Dépenses d’exploitation,Charges relatives au personnel,€
2011,11,27355274.45,crise,PLF,Dépenses d’exploitation,Charges relatives au personnel,€
2011,12,31263170.8,crise,PLF,Dépenses d’exploitation,Charges relatives au personnel,€
2011,1,4234657.8,normal,CFX,Dépenses d’exploitation,Charges relatives au personnel,€
2011,2,3387726.24,normal,CFX,Dépenses d’exploitation,Charges relatives au personnel,€
2011,3,2964260.46,normal,CFX,Dépenses d’exploitation,Charges relatives au personnel,€
2011,4,2540794.68,normal,CFX,Dépenses d’exploitation,Charges relatives au personnel,€
2011,5,2117328.9,normal,CFX,Dépenses d’exploitation,Charges relatives au personnel,€
2011,6,3387726.24,normal,CFX,Dépenses d’exploitation,Charges relatives au personnel,€
2011,7,2964260.46,normal,CFX,Dépenses d’exploitation,Charges relatives au personnel,€
2011,8,3811192.02,normal,CFX,Dépenses d’exploitation,Charges relatives au personnel,€
2011,9,3387726.24,normal,CFX,Dépenses d’exploitation,Charges relatives au personnel,€
2011,10,3811192.02,normal,CFX,Dépenses d’exploitation,Charges relatives au personnel,€
2011,11,4234657.8,normal,CFX,Dépenses d’exploitation,Charges relatives au personnel,€
2011,12,5505055.14,normal,CFX,Dépenses d’exploitation,Charges relatives au personnel,€
2011,1,3387726.24,crise,CFX,Dépenses d’exploitation,Charges relatives au personnel,€
2011,2,3811192.02,crise,CFX,Dépenses d’exploitation,Charges relatives au personnel,€
2011,3,5928520.92,crise,CFX,Dépenses d’exploitation,Charges relatives au personnel,€
2011,4,5505055.14,crise,CFX,Dépenses d’exploitation,Charges relatives au personnel,€
2011,5,3387726.24,crise,CFX,Dépenses d’exploitation,Charges relatives au personnel,€
2011,6,1270397.34,crise,CFX,Dépenses d’exploitation,Charges relatives au personnel,€
2011,7,2540794.68,crise,CFX,Dépenses d’exploitation,Charges relatives au personnel,€
2011,8,5505055.14,crise,CFX,Dépenses d’exploitation,Charges relatives au personnel,€
2011,9,2540794.68,crise,CFX,Dépenses d’exploitation,Charges relatives au personnel,€
2011,10,2117328.9,crise,CFX,Dépenses d’exploitation,Charges relatives au personnel,€
2011,11,2964260.46,crise,CFX,Dépenses d’exploitation,Charges relatives au personnel,€
2011,12,3387726.24,crise,CFX,Dépenses d’exploitation,Charges relatives au personnel,€
2012,1,39078963.5,normal,PLF,Dépenses d’exploitation,Charges relatives au personnel,€
2012,2,31263170.8,normal,PLF,Dépenses d’exploitation,Charges relatives au personnel,€
2012,3,27355274.45,normal,PLF,Dépenses d’exploitation,Charges relatives au personnel,€
2012,4,23447378.1,normal,PLF,Dépenses d’exploitation,Charges relatives au personnel,€
2012,5,19539481.75,normal,PLF,Dépenses d’exploitation,Charges relatives au personnel,€
2012,6,31263170.8,normal,PLF,Dépenses d’exploitation,Charges relatives au personnel,€
2012,7,27355274.45,normal,PLF,Dépenses d’exploitation,Charges relatives au personnel,€
2012,8,35171067.15,normal,PLF,Dépenses d’exploitation,Charges relatives au personnel,€
2012,9,31263170.8,normal,PLF,Dépenses d’exploitation,Charges relatives au personnel,€
2012,10,35171067.15,normal,PLF,Dépenses d’exploitation,Charges relatives au personnel,€
2012,11,39078963.5,normal,PLF,Dépenses d’exploitation,Charges relatives au personnel,€
2012,12,50802652.55,normal,PLF,Dépenses d’exploitation,Charges relatives au personnel,€
2012,1,31263170.8,crise,PLF,Dépenses d’exploitation,Charges relatives au personnel,€
2012,2,35171067.15,crise,PLF,Dépenses d’exploitation,Charges relatives au personnel,€
2012,3,54710548.9,crise,PLF,Dépenses d’exploitation,Charges relatives au personnel,€
2012,4,50802652.55,crise,PLF,Dépenses d’exploitation,Charges relatives au personnel,€
2012,5,31263170.8,crise,PLF,Dépenses d’exploitation,Charges relatives au personnel,€
2012,6,11723689.05,crise,PLF,Dépenses d’exploitation,Charges relatives au personnel,€
2012,7,23447378.1,crise,PLF,Dépenses d’exploitation,Charges relatives au personnel,€
2012,8,50802652.55,crise,PLF,Dépenses d’exploitation,Charges relatives au personnel,€
2012,9,23447378.1,crise,PLF,Dépenses d’exploitation,Charges relatives au personnel,€
2012,10,19539481.75,crise,PLF,Dépenses d’exploitation,Charges relatives au personnel,€
2012,11,27355274.45,crise,PLF,Dépenses d’exploitation,Charges relatives au personnel,€
2012,12,31263170.8,crise,PLF,Dépenses d’exploitation,Charges relatives au personnel,€
2012,1,4234657.8,normal,CFX,Dépenses d’exploitation,Charges relatives au personnel,€
2012,2,3387726.24,normal,CFX,Dépenses d’exploitation,Charges relatives au personnel,€
2012,3,2964260.46,normal,CFX,Dépenses d’exploitation,Charges relatives au personnel,€
2012,4,2540794.68,normal,CFX,Dépenses d’exploitation,Charges relatives au personnel,€
2012,5,2117328.9,normal,CFX,Dépenses d’exploitation,Charges relatives au personnel,€
2012,6,3387726.24,normal,CFX,Dépenses d’exploitation,Charges relatives au personnel,€
2012,7,2964260.46,normal,CFX,Dépenses d’exploitation,Charges relatives au personnel,€
2012,8,3811192.02,normal,CFX,Dépenses d’exploitation,Charges relatives au personnel,€
2012,9,3387726.24,normal,CFX,Dépenses d’exploitation,Charges relatives au personnel,€
2012,10,3811192.02,normal,CFX,Dépenses d’exploitation,Charges relatives au personnel,€
2012,11,4234657.8,normal,CFX,Dépenses d’exploitation,Charges relatives au personnel,€
2012,12,5505055.14,normal,CFX,Dépenses d’exploitation,Charges relatives au personnel,€
2012,1,3387726.24,crise,CFX,Dépenses d’exploitation,Charges relatives au personnel,€
2012,2,3811192.02,crise,CFX,Dépenses d’exploitation,Charges relatives au personnel,€
2012,3,5928520.92,crise,CFX,Dépenses d’exploitation,Charges relatives au personnel,€
2012,4,5505055.14,crise,CFX,Dépenses d’exploitation,Charges relatives au personnel,€
2012,5,3387726.24,crise,CFX,Dépenses d’exploitation,Charges relatives au personnel,€
2012,6,1270397.34,crise,CFX,Dépenses d’exploitation,Charges relatives au personnel,€
2012,7,2540794.68,crise,CFX,Dépenses d’exploitation,Charges relatives au personnel,€
2012,8,5505055.14,crise,CFX,Dépenses d’exploitation,Charges relatives au personnel,€
2012,9,2540794.68,crise,CFX,Dépenses d’exploitation,Charges relatives au personnel,€
2012,10,2117328.9,crise,CFX,Dépenses d’exploitation,Charges relatives au personnel,€
2012,11,2964260.46,crise,CFX,Dépenses d’exploitation,Charges relatives au personnel,€
2012,12,3387726.24,crise,CFX,Dépenses d’exploitation,Charges relatives au personnel,€
2013,1,40417309.0,normal,PLF,Dépenses d’exploitation,Charges relatives au personnel,€
2013,2,32333847.2,normal,PLF,Dépenses d’exploitation,Charges relatives au personnel,€
2013,3,28292116.3,normal,PLF,Dépenses d’exploitation,Charges relatives au personnel,€
2013,4,24250385.4,normal,PLF,Dépenses d’exploitation,Charges relatives au personnel,€
2013,5,20208654.5,normal,PLF,Dépenses d’exploitation,Charges relatives au personnel,€
2013,6,32333847.2,normal,PLF,Dépenses d’exploitation,Charges relatives au personnel,€
2013,7,28292116.3,normal,PLF,Dépenses d’exploitation,Charges relatives au personnel,€
2013,8,36375578.1,normal,PLF,Dépenses d’exploitation,Charges relatives au personnel,€
2013,9,32333847.2,normal,PLF,Dépenses d’exploitation,Charges relatives au personnel,€
2013,10,36375578.1,normal,PLF,Dépenses d’exploitation,Charges relatives au personnel,€
2013,11,40417309.0,normal,PLF,Dépenses d’exploitation,Charges relatives au personnel,€
2013,12,52542501.7,normal,PLF,Dépenses d’exploitation,Charges relatives au personnel,€
2013,1,32333847.2,crise,PLF,Dépenses d’exploitation,Charges relatives au personnel,€
2013,2,36375578.1,crise,PLF,Dépenses d’exploitation,Charges relatives au personnel,€
2013,3,56584232.6,crise,PLF,Dépenses d’exploitation,Charges relatives au personnel,€
2013,4,52542501.7,crise,PLF,Dépenses d’exploitation,Charges relatives au personnel,€
2013,5,32333847.2,crise,PLF,Dépenses d’exploitation,Charges relatives au personnel,€
2013,6,12125192.7,crise,PLF,Dépenses d’exploitation,Charges relatives au personnel,€
2013,7,24250385.4,crise,PLF,Dépenses d’exploitation,Charges relatives au personnel,€
2013,8,52542501.7,crise,PLF,Dépenses d’exploitation,Charges relatives au personnel,€
2013,9,24250385.4,crise,PLF,Dépenses d’exploitation,Charges relatives au personnel,€
2013,10,20208654.5,crise,PLF,Dépenses d’exploitation,Charges relatives au personnel,€
2013,11,28292116.3,crise,PLF,Dépenses d’exploitation,Charges relatives au personnel,€
2013,12,32333847.2,crise,PLF,Dépenses d’exploitation,Charges relatives au personnel,€
2013,1,4232105.2,normal,CFX,Dépenses d’exploitation,Charges relatives au personnel,€
2013,2,3385684.16,normal,CFX,Dépenses d’exploitation,Charges relatives au personnel,€
2013,3,2962473.64,normal,CFX,Dépenses d’exploitation,Charges relatives au personnel,€
2013,4,2539263.12,normal,CFX,Dépenses d’exploitation,Charges relatives au personnel,€
2013,5,2116052.6,normal,CFX,Dépenses d’exploitation,Charges relatives au personnel,€
2013,6,3385684.16,normal,CFX,Dépenses d’exploitation,Charges relatives au personnel,€
2013,7,2962473.64,normal,CFX,Dépenses d’exploitation,Charges relatives au personnel,€
2013,8,3808894.68,normal,CFX,Dépenses d’exploitation,Charges relatives au personnel,€
2013,9,3385684.16,normal,CFX,Dépenses d’exploitation,Charges relatives au personnel,€
2013,10,3808894.68,normal,CFX,Dépenses d’exploitation,Charges relatives au personnel,€
2013,11,4232105.2,normal,CFX,Dépenses d’exploitation,Charges relatives au personnel,€
2013,12,5501736.76,normal,CFX,Dépenses d’exploitation,Charges relatives au personnel,€
2013,1,3385684.16,crise,CFX,Dépenses d’exploitation,Charges relatives au personnel,€
2013,2,3808894.68,crise,CFX,Dépenses d’exploitation,Charges relatives au personnel,€
2013,3,5924947.28,crise,CFX,Dépenses d’exploitation,Charges relatives au personnel,€
2013,4,5501736.76,crise,CFX,Dépenses d’exploitation,Charges relatives au personnel,€
2013,5,3385684.16,crise,CFX,Dépenses d’exploitation,Charges relatives au personnel,€
2013,6,1269631.56,crise,CFX,Dépenses d’exploitation,Charges relatives au personnel,€
2013,7,2539263.12,crise,CFX,Dépenses d’exploitation,Charges relatives au personnel,€
2013,8,5501736.76,crise,CFX,Dépenses d’exploitation,Charges relatives au personnel,€
2013,9,2539263.12,crise,CFX,Dépenses d’exploitation,Charges relatives au personnel,€
2013,10,2116052.6,crise,CFX,Dépenses d’exploitation,Charges relatives au personnel,€
2013,11,2962473.64,crise,CFX,Dépenses d’exploitation,Charges relatives au personnel,€
2013,12,3385684.16,crise,CFX,Dépenses d’exploitation,Charges relatives au personnel,€
2014,1,41755654.5,normal,PLF,Dépenses d’exploitation,Charges relatives au personnel,€
2014,2,33404523.6,normal,PLF,Dépenses d’exploitation,Charges relatives au personnel,€
2014,3,29228958.15,normal,PLF,Dépenses d’exploitation,Charges relatives au personnel,€
2014,4,25053392.7,normal,PLF,Dépenses d’exploitation,Charges relatives au personnel,€
2014,5,20877827.25,normal,PLF,Dépenses d’exploitation,Charges relatives au personnel,€
2014,6,33404523.6,normal,PLF,Dépenses d’exploitation,Charges relatives au personnel,€
2014,7,29228958.15,normal,PLF,Dépenses d’exploitation,Charges relatives au personnel,€
2014,8,37580089.05,normal,PLF,Dépenses d’exploitation,Charges relatives au personnel,€
2014,9,33404523.6,normal,PLF,Dépenses d’exploitation,Charges relatives au personnel,€
2014,10,37580089.05,normal,PLF,Dépenses d’exploitation,Charges relatives au personnel,€
2014,11,41755654.5,normal,PLF,Dépenses d’exploitation,Charges relatives au personnel,€
2014,12,54282350.85,normal,PLF,Dépenses d’exploitation,Charges relatives au personnel,€
2014,1,33404523.6,crise,PLF,Dépenses d’exploitation,Charges relatives au personnel,€
2014,2,37580089.05,crise,PLF,Dépenses d’exploitation,Charges relatives au personnel,€
2014,3,58457916.3,crise,PLF,Dépenses d’exploitation,Charges relatives au personnel,€
2014,4,54282350.85,crise,PLF,Dépenses d’exploitation,Charges relatives au personnel,€
2014,5,33404523.6,crise,PLF,Dépenses d’exploitation,Charges relatives au personnel,€
2014,6,12526696.35,crise,PLF,Dépenses d’exploitation,Charges relatives au personnel,€
2014,7,25053392.7,crise,PLF,Dépenses d’exploitation,Charges relatives au personnel,€
2014,8,54282350.85,crise,PLF,Dépenses d’exploitation,Charges relatives au personnel,€
2014,9,25053392.7,crise,PLF,Dépenses d’exploitation,Charges relatives au personnel,€
2014,10,20877827.25,crise,PLF,Dépenses d’exploitation,Charges relatives au personnel,€
2014,11,29228958.15,crise,PLF,Dépenses d’exploitation,Charges relatives au personnel,€
2014,12,33404523.6,crise,PLF,Dépenses d’exploitation,Charges relatives au personnel,€
2014,1,4229552.6,normal,CFX,Dépenses d’exploitation,Charges relatives au personnel,€
2014,2,3383642.08,normal,CFX,Dépenses d’exploitation,Charges relatives au personnel,€
2014,3,2960686.82,normal,CFX,Dépenses d’exploitation,Charges relatives au personnel,€
2014,4,2537731.56,normal,CFX,Dépenses d’exploitation,Charges relatives au personnel,€
2014,5,2114776.3,normal,CFX,Dépenses d’exploitation,Charges relatives au personnel,€
2014,6,3383642.08,normal,CFX,Dépenses d’exploitation,Charges relatives au personnel,€
2014,7,2960686.82,normal,CFX,Dépenses d’exploitation,Charges relatives au personnel,€
2014,8,3806597.34,normal,CFX,Dépenses d’exploitation,Charges relatives au personnel,€
2014,9,3383642.08,normal,CFX,Dépenses d’exploitation,Charges relatives au personnel,€
2014,10,3806597.34,normal,CFX,Dépenses d’exploitation,Charges relatives au personnel,€
2014,11,4229552.6,normal,CFX,Dépenses d’exploitation,Charges relatives au personnel,€
2014,12,5498418.38,normal,CFX,Dépenses d’exploitation,Charges relatives au personnel,€
2014,1,3383642.08,crise,CFX,Dépenses d’exploitation,Charges relatives au personnel,€
2014,2,3806597.34,crise,CFX,Dépenses d’exploitation,Charges relatives au personnel,€
2014,3,5921373.64,crise,CFX,Dépenses d’exploitation,Charges relatives au personnel,€
2014,4,5498418.38,crise,CFX,Dépenses d’exploitation,Charges relatives au personnel,€
2014,5,3383642.08,crise,CFX,Dépenses d’exploitation,Charges relatives au personnel,€
2014,6,1268865.78,crise,CFX,Dépenses d’exploitation,Charges relatives au personnel,€
2014,7,2537731.56,crise,CFX,Dépenses d’exploitation,Charges relatives au personnel,€
2014,8,5498418.38,crise,CFX,Dépenses d’exploitation,Charges relatives au personnel,€
2014,9,2537731.56,crise,CFX,Dépenses d’exploitation,Charges relatives au personnel,€
2014,10,2114776.3,crise,CFX,Dépenses d’exploitation,Charges relatives au personnel,€
2014,11,2960686.82,crise,CFX,Dépenses d’exploitation,Charges relatives au personnel,€
2014,12,3383642.08,crise,CFX,Dépenses d’exploitation,Charges relatives au personnel,€
2015,1,43094000.0,normal,PLF,Dépenses d’exploitation,Charges relatives au personnel,€
2015,2,34475200.0,normal,PLF,Dépenses d’exploitation,Charges relatives au personnel,€
2015,3,30165800.0,normal,PLF,Dépenses d’exploitation,Charges relatives au personnel,€
2015,4,25856400.0,normal,PLF,Dépenses d’exploitation,Charges relatives au personnel,€
2015,5,21547000.0,normal,PLF,Dépenses d’exploitation,Charges relatives au personnel,€
2015,6,34475200.0,normal,PLF,Dépenses d’exploitation,Charges relatives au personnel,€
2015,7,30165800.0,normal,PLF,Dépenses d’exploitation,Charges relatives au personnel,€
2015,8,38784600.0,normal,PLF,Dépenses d’exploitation,Charges relatives au personnel,€
2015,9,34475200.0,normal,PLF,Dépenses d’exploitation,Charges relatives au personnel,€
2015,10,38784600.0,normal,PLF,Dépenses d’exploitation,Charges relatives au personnel,€
2015,11,43094000.0,normal,PLF,Dépenses d’exploitation,Charges relatives au personnel,€
2015,12,56022200.0,normal,PLF,Dépenses d’exploitation,Charges relatives au personnel,€
2015,1,34475200.0,crise,PLF,Dépenses d’exploitation,Charges relatives au personnel,€
2015,2,38784600.0,crise,PLF,Dépenses d’exploitation,Charges relatives au personnel,€
2015,3,60331600.0,crise,PLF,Dépenses d’exploitation,Charges relatives au personnel,€
2015,4,56022200.0,crise,PLF,Dépenses d’exploitation,Charges relatives au personnel,€
2015,5,34475200.0,crise,PLF,Dépenses d’exploitation,Charges relatives au personnel,€
2015,6,12928200.0,crise,PLF,Dépenses d’exploitation,Charges relatives au personnel,€
2015,7,25856400.0,crise,PLF,Dépenses d’exploitation,Charges relatives au personnel,€
2015,8,56022200.0,crise,PLF,Dépenses d’exploitation,Charges relatives au personnel,€
2015,9,25856400.0,crise,PLF,Dépenses d’exploitation,Charges relatives au personnel,€
2015,10,21547000.0,crise,PLF,Dépenses d’exploitation,Charges relatives au personnel,€
2015,11,30165800.0,crise,PLF,Dépenses d’exploitation,Charges relatives au personnel,€
2015,12,34475200.0,crise,PLF,Dépenses d’exploitation,Charges relatives au personnel,€
2015,1,4227000.0,normal,CFX,Dépenses d’exploitation,Charges relatives au personnel,€
2015,2,3381600.0,normal,CFX,Dépenses d’exploitation,Charges relatives au personnel,€
2015,3,2958900.0,normal,CFX,Dépenses d’exploitation,Charges relatives au personnel,€
2015,4,2536200.0,normal,CFX,Dépenses d’exploitation,Charges relatives au personnel,€
2015,5,2113500.0,normal,CFX,Dépenses d’exploitation,Charges relatives au personnel,€
2015,6,3381600.0,normal,CFX,Dépenses d’exploitation,Charges relatives au personnel,€
2015,7,2958900.0,normal,CFX,Dépenses d’exploitation,Charges relatives au personnel,€
2015,8,3804300.0,normal,CFX,Dépenses d’exploitation,Charges relatives au personnel,€
2015,9,3381600.0,normal,CFX,Dépenses d’exploitation,Charges relatives au personnel,€
2015,10,3804300.0,normal,CFX,Dépenses d’exploitation,Charges relatives au personnel,€
2015,11,4227000.0,normal,CFX,Dépenses d’exploitation,Charges relatives au personnel,€
2015,12,5495100.0,normal,CFX,Dépenses d’exploitation,Charges relatives au personnel,€
2015,1,3381600.0,crise,CFX,Dépenses d’exploitation,Charges relatives au personnel,€
2015,2,3804300.0,crise,CFX,Dépenses d’exploitation,Charges relatives au personnel,€
2015,3,5917800.0,crise,CFX,Dépenses d’exploitation,Charges relatives au personnel,€
2015,4,5495100.0,crise,CFX,Dépenses d’exploitation,Charges relatives au personnel,€
2015,5,3381600.0,crise,CFX,Dépenses d’exploitation,Charges relatives au personnel,€
2015,6,1268100.0,crise,CFX,Dépenses d’exploitation,Charges relatives au personnel,€
2015,7,2536200.0,crise,CFX,Dépenses d’exploitation,Charges relatives au personnel,€
2015,8,5495100.0,crise,CFX,Dépenses d’exploitation,Charges relatives au personnel,€
2015,9,2536200.0,crise,CFX,Dépenses d’exploitation,Charges relatives au personnel,€
2015,10,2113500.0,crise,CFX,Dépenses d’exploitation,Charges relatives au personnel,€
2015,11,2958900.0,crise,CFX,Dépenses d’exploitation,Charges relatives au personnel,€
2015,12,3381600.0,crise,CFX,Dépenses d’exploitation,Charges relatives au personnel,€
2016,1,43094000.0,normal,PLF,Dépenses d’exploitation,Charges relatives au personnel,€
2016,2,34475200.0,normal,PLF,Dépenses d’exploitation,Charges relatives au personnel,€
2016,3,30165800.0,normal,PLF,Dépenses d’exploitation,Charges relatives au personnel,€
2016,4,25856400.0,normal,PLF,Dépenses d’exploitation,Charges relatives au personnel,€
2016,5,21547000.0,normal,PLF,Dépenses d’exploitation,Charges relatives au personnel,€
2016,6,34475200.0,normal,PLF,Dépenses d’exploitation,Charges relatives au personnel,€
2016,7,30165800.0,normal,PLF,Dépenses d’exploitation,Charges relatives au personnel,€
2016,8,38784600.0,normal,PLF,Dépenses d’exploitation,Charges relatives au personnel,€
2016,9,34475200.0,normal,PLF,Dépenses d’exploitation,Charges relatives au personnel,€
2016,10,38784600.0,normal,PLF,Dépenses d’exploitation,Charges relatives au personnel,€
2016,11,43094000.0,normal,PLF,Dépenses d’exploitation,Charges relatives au personnel,€
2016,12,56022200.0,normal,PLF,Dépenses d’exploitation,Charges relatives au personnel,€
2016,1,34475200.0,crise,PLF,Dépenses d’exploitation,Charges relatives au personnel,€
2016,2,38784600.0,crise,PLF,Dépenses d’exploitation,Charges relatives au personnel,€
2016,3,60331600.0,crise,PLF,Dépenses d’exploitation,Charges relatives au personnel,€
2016,4,56022200.0,crise,PLF,Dépenses d’exploitation,Charges relatives au personnel,€
2016,5,34475200.0,crise,PLF,Dépenses d’exploitation,Charges relatives au personnel,€
2016,6,12928200.0,crise,PLF,Dépenses d’exploitation,Charges relatives au personnel,€
2016,7,25856400.0,crise,PLF,Dépenses d’exploitation,Charges relatives au personnel,€
2016,8,56022200.0,crise,PLF,Dépenses d’exploitation,Charges relatives au personnel,€
2016,9,25856400.0,crise,PLF,Dépenses d’exploitation,Charges relatives au personnel,€
2016,10,21547000.0,crise,PLF,Dépenses d’exploitation,Charges relatives au personnel,€
2016,11,30165800.0,crise,PLF,Dépenses d’exploitation,Charges relatives au personnel,€
2016,12,34475200.0,crise,PLF,Dépenses d’exploitation,Charges relatives au personnel,€
2016,1,4227000.0,normal,CFX,Dépenses d’exploitation,Charges relatives au personnel,€
2016,2,3381600.0,normal,CFX,Dépenses d’exploitation,Charges relatives au personnel,€
2016,3,2958900.0,normal,CFX,Dépenses d’exploitation,Charges relatives au personnel,€
2016,4,2536200.0,normal,CFX,Dépenses d’exploitation,Charges relatives au personnel,€
2016,5,2113500.0,normal,CFX,Dépenses d’exploitation,Charges relatives au personnel,€
2016,6,3381600.0,normal,CFX,Dépenses d’exploitation,Charges relatives au personnel,€
2016,7,2958900.0,normal,CFX,Dépenses d’exploitation,Charges relatives au personnel,€
2016,8,3804300.0,normal,CFX,Dépenses d’exploitation,Charges relatives au personnel,€
2016,9,3381600.0,normal,CFX,Dépenses d’exploitation,Charges relatives au personnel,€
2016,10,3804300.0,normal,CFX,Dépenses d’exploitation,Charges relatives au personnel,€
2016,11,4227000.0,normal,CFX,Dépenses d’exploitation,Charges relatives au personnel,€
2016,12,5495100.0,normal,CFX,Dépenses d’exploitation,Charges relatives au personnel,€
2016,1,3381600.0,crise,CFX,Dépenses d’exploitation,Charges relatives au personnel,€
2016,2,3804300.0,crise,CFX,Dépenses d’exploitation,Charges relatives au personnel,€
2016,3,5917800.0,crise,CFX,Dépenses d’exploitation,Charges relatives au personnel,€
2016,4,5495100.0,crise,CFX,Dépenses d’exploitation,Charges relatives au personnel,€
2016,5,3381600.0,crise,CFX,Dépenses d’exploitation,Charges relatives au personnel,€
2016,6,1268100.0,crise,CFX,Dépenses d’exploitation,Charges relatives au personnel,€
2016,7,2536200.0,crise,CFX,Dépenses d’exploitation,Charges relatives au personnel,€
2016,8,5495100.0,crise,CFX,Dépenses d’exploitation,Charges relatives au personnel,€
2016,9,2536200.0,crise,CFX,Dépenses d’exploitation,Charges relatives au personnel,€
2016,10,2113500.0,crise,CFX,Dépenses d’exploitation,Charges relatives au personnel,€
2016,11,2958900.0,crise,CFX,Dépenses d’exploitation,Charges relatives au personnel,€
2016,12,3381600.0,crise,CFX,Dépenses d’exploitation,Charges relatives au personnel,€
2011,1,9350635.4,normal,PLF,Dépenses d’exploitation,Charges relatives au personnel - Personnel médical,€
2011,2,7480508.32,normal,PLF,Dépenses d’exploitation,Charges relatives au personnel - Personnel médical,€
2011,3,6545444.78,normal,PLF,Dépenses d’exploitation,Charges relatives au personnel - Personnel médical,€
2011,4,5610381.24,normal,PLF,Dépenses d’exploitation,Charges relatives au personnel - Personnel médical,€
2011,5,4675317.7,normal,PLF,Dépenses d’exploitation,Charges relatives au personnel - Personnel médical,€
2011,6,7480508.32,normal,PLF,Dépenses d’exploitation,Charges relatives au personnel - Personnel médical,€
2011,7,6545444.78,normal,PLF,Dépenses d’exploitation,Charges relatives au personnel - Personnel médical,€
2011,8,8415571.86,normal,PLF,Dépenses d’exploitation,Charges relatives au personnel - Personnel médical,€
2011,9,7480508.32,normal,PLF,Dépenses d’exploitation,Charges relatives au personnel - Personnel médical,€
2011,10,8415571.86,normal,PLF,Dépenses d’exploitation,Charges relatives au personnel - Personnel médical,€
2011,11,9350635.4,normal,PLF,Dépenses d’exploitation,Charges relatives au personnel - Personnel médical,€
2011,12,12155826.02,normal,PLF,Dépenses d’exploitation,Charges relatives au personnel - Personnel médical,€
2011,1,7480508.32,crise,PLF,Dépenses d’exploitation,Charges relatives au personnel - Personnel médical,€
2011,2,8415571.86,crise,PLF,Dépenses d’exploitation,Charges relatives au personnel - Personnel médical,€
2011,3,13090889.56,crise,PLF,Dépenses d’exploitation,Charges relatives au personnel - Personnel médical,€
2011,4,12155826.02,crise,PLF,Dépenses d’exploitation,Charges relatives au personnel - Personnel médical,€
2011,5,7480508.32,crise,PLF,Dépenses d’exploitation,Charges relatives au personnel - Personnel médical,€
2011,6,2805190.62,crise,PLF,Dépenses d’exploitation,Charges relatives au personnel - Personnel médical,€
2011,7,5610381.24,crise,PLF,Dépenses d’exploitation,Charges relatives au personnel - Personnel médical,€
2011,8,12155826.02,crise,PLF,Dépenses d’exploitation,Charges relatives au personnel - Personnel médical,€
2011,9,5610381.24,crise,PLF,Dépenses d’exploitation,Charges relatives au personnel - Personnel médical,€
2011,10,4675317.7,crise,PLF,Dépenses d’exploitation,Charges relatives au personnel - Personnel médical,€
2011,11,6545444.78,crise,PLF,Dépenses d’exploitation,Charges relatives au personnel - Personnel médical,€
2011,12,7480508.32,crise,PLF,Dépenses d’exploitation,Charges relatives au personnel - Personnel médical,€
2011,1,621359.9,normal,CFX,Dépenses d’exploitation,Charges relatives au personnel - Personnel médical,€
2011,2,497087.92,normal,CFX,Dépenses d’exploitation,Charges relatives au personnel - Personnel médical,€
2011,3,434951.93,normal,CFX,Dépenses d’exploitation,Charges relatives au personnel - Personnel médical,€
2011,4,372815.94,normal,CFX,Dépenses d’exploitation,Charges relatives au personnel - Personnel médical,€
2011,5,310679.95,normal,CFX,Dépenses d’exploitation,Charges relatives au personnel - Personnel médical,€
2011,6,497087.92,normal,CFX,Dépenses d’exploitation,Charges relatives au personnel - Personnel médical,€
2011,7,434951.93,normal,CFX,Dépenses d’exploitation,Charges relatives au personnel - Personnel médical,€
2011,8,559223.91,normal,CFX,Dépenses d’exploitation,Charges relatives au personnel - Personnel médical,€
2011,9,497087.92,normal,CFX,Dépenses d’exploitation,Charges relatives au personnel - Personnel médical,€
2011,10,559223.91,normal,CFX,Dépenses d’exploitation,Charges relatives au personnel - Personnel médical,€
2011,11,621359.9,normal,CFX,Dépenses d’exploitation,Charges relatives au personnel - Personnel médical,€
2011,12,807767.87,normal,CFX,Dépenses d’exploitation,Charges relatives au personnel - Personnel médical,€
2011,1,497087.92,crise,CFX,Dépenses d’exploitation,Charges relatives au personnel - Personnel médical,€
2011,2,559223.91,crise,CFX,Dépenses d’exploitation,Charges relatives au personnel - Personnel médical,€
2011,3,869903.86,crise,CFX,Dépenses d’exploitation,Charges relatives au personnel - Personnel médical,€
2011,4,807767.87,crise,CFX,Dépenses d’exploitation,Charges relatives au personnel - Personnel médical,€
2011,5,497087.92,crise,CFX,Dépenses d’exploitation,Charges relatives au personnel - Personnel médical,€
2011,6,186407.97,crise,CFX,Dépenses d’exploitation,Charges relatives au personnel - Personnel médical,€
2011,7,372815.94,crise,CFX,Dépenses d’exploitation,Charges relatives au personnel - Personnel médical,€
2011,8,807767.87,crise,CFX,Dépenses d’exploitation,Charges relatives au personnel - Personnel médical,€
2011,9,372815.94,crise,CFX,Dépenses d’exploitation,Charges relatives au personnel - Personnel médical,€
2011,10,310679.95,crise,CFX,Dépenses d’exploitation,Charges relatives au personnel - Personnel médical,€
2011,11,434951.93,crise,CFX,Dépenses d’exploitation,Charges relatives au personnel - Personnel médical,€
2011,12,497087.92,crise,CFX,Dépenses d’exploitation,Charges relatives au personnel - Personnel médical,€
2012,1,9350635.4,normal,PLF,Dépenses d’exploitation,Charges relatives au personnel - Personnel médical,€
2012,2,7480508.32,normal,PLF,Dépenses d’exploitation,Charges relatives au personnel - Personnel médical,€
2012,3,6545444.78,normal,PLF,Dépenses d’exploitation,Charges relatives au personnel - Personnel médical,€
2012,4,5610381.24,normal,PLF,Dépenses d’exploitation,Charges relatives au personnel - Personnel médical,€
2012,5,4675317.7,normal,PLF,Dépenses d’exploitation,Charges relatives au personnel - Personnel médical,€
2012,6,7480508.32,normal,PLF,Dépenses d’exploitation,Charges relatives au personnel - Personnel médical,€
2012,7,6545444.78,normal,PLF,Dépenses d’exploitation,Charges relatives au personnel - Personnel médical,€
2012,8,8415571.86,normal,PLF,Dépenses d’exploitation,Charges relatives au personnel - Personnel médical,€
2012,9,7480508.32,normal,PLF,Dépenses d’exploitation,Charges relatives au personnel - Personnel médical,€
2012,10,8415571.86,normal,PLF,Dépenses d’exploitation,Charges relatives au personnel - Personnel médical,€
2012,11,9350635.4,normal,PLF,Dépenses d’exploitation,Charges relatives au personnel - Personnel médical,€
2012,12,12155826.02,normal,PLF,Dépenses d’exploitation,Charges relatives au personnel - Personnel médical,€
2012,1,7480508.32,crise,PLF,Dépenses d’exploitation,Charges relatives au personnel - Personnel médical,€
2012,2,8415571.86,crise,PLF,Dépenses d’exploitation,Charges relatives au personnel - Personnel médical,€
2012,3,13090889.56,crise,PLF,Dépenses d’exploitation,Charges relatives au personnel - Personnel médical,€
2012,4,12155826.02,crise,PLF,Dépenses d’exploitation,Charges relatives au personnel - Personnel médical,€
2012,5,7480508.32,crise,PLF,Dépenses d’exploitation,Charges relatives au personnel - Personnel médical,€
2012,6,2805190.62,crise,PLF,Dépenses d’exploitation,Charges relatives au personnel - Personnel médical,€
2012,7,5610381.24,crise,PLF,Dépenses d’exploitation,Charges relatives au personnel - Personnel médical,€
2012,8,12155826.02,crise,PLF,Dépenses d’exploitation,Charges relatives au personnel - Personnel médical,€
2012,9,5610381.24,crise,PLF,Dépenses d’exploitation,Charges relatives au personnel - Personnel médical,€
2012,10,4675317.7,crise,PLF,Dépenses d’exploitation,Charges relatives au personnel - Personnel médical,€
2012,11,6545444.78,crise,PLF,Dépenses d’exploitation,Charges relatives au personnel - Personnel médical,€
2012,12,7480508.32,crise,PLF,Dépenses d’exploitation,Charges relatives au personnel - Personnel médical,€
2012,1,621359.9,normal,CFX,Dépenses d’exploitation,Charges relatives au personnel - Personnel médical,€
2012,2,497087.92,normal,CFX,Dépenses d’exploitation,Charges relatives au personnel - Personnel médical,€
2012,3,434951.93,normal,CFX,Dépenses d’exploitation,Charges relatives au personnel - Personnel médical,€
2012,4,372815.94,normal,CFX,Dépenses d’exploitation,Charges relatives au personnel - Personnel médical,€
2012,5,310679.95,normal,CFX,Dépenses d’exploitation,Charges relatives au personnel - Personnel médical,€
2012,6,497087.92,normal,CFX,Dépenses d’exploitation,Charges relatives au personnel - Personnel médical,€
2012,7,434951.93,normal,CFX,Dépenses d’exploitation,Charges relatives au personnel - Personnel médical,€
2012,8,559223.91,normal,CFX,Dépenses d’exploitation,Charges relatives au personnel - Personnel médical,€
2012,9,497087.92,normal,CFX,Dépenses d’exploitation,Charges relatives au personnel - Personnel médical,€
2012,10,559223.91,normal,CFX,Dépenses d’exploitation,Charges relatives au personnel - Personnel médical,€
2012,11,621359.9,normal,CFX,Dépenses d’exploitation,Charges relatives au personnel - Personnel médical,€
2012,12,807767.87,normal,CFX,Dépenses d’exploitation,Charges relatives au personnel - Personnel médical,€
2012,1,497087.92,crise,CFX,Dépenses d’exploitation,Charges relatives au personnel - Personnel médical,€
2012,2,559223.91,crise,CFX,Dépenses d’exploitation,Charges relatives au personnel - Personnel médical,€
2012,3,869903.86,crise,CFX,Dépenses d’exploitation,Charges relatives au personnel - Personnel médical,€
2012,4,807767.87,crise,CFX,Dépenses d’exploitation,Charges relatives au personnel - Personnel médical,€
2012,5,497087.92,crise,CFX,Dépenses d’exploitation,Charges relatives au personnel - Personnel médical,€
2012,6,186407.97,crise,CFX,Dépenses d’exploitation,Charges relatives au personnel - Personnel médical,€
2012,7,372815.94,crise,CFX,Dépenses d’exploitation,Charges relatives au personnel - Personnel médical,€
2012,8,807767.87,crise,CFX,Dépenses d’exploitation,Charges relatives au personnel - Personnel médical,€
2012,9,372815.94,crise,CFX,Dépenses d’exploitation,Charges relatives au personnel - Personnel médical,€
2012,10,310679.95,crise,CFX,Dépenses d’exploitation,Charges relatives au personnel - Personnel médical,€
2012,11,434951.93,crise,CFX,Dépenses d’exploitation,Charges relatives au personnel - Personnel médical,€
2012,12,497087.92,crise,CFX,Dépenses d’exploitation,Charges relatives au personnel - Personnel médical,€
2013,1,6233760.48,normal,PLF,Dépenses d’exploitation,Charges relatives au personnel - Personnel médical,€
2013,2,4987008.38,normal,PLF,Dépenses d’exploitation,Charges relatives au personnel - Personnel médical,€
2013,3,4363632.34,normal,PLF,Dépenses d’exploitation,Charges relatives au personnel - Personnel médical,€
2013,4,3740256.29,normal,PLF,Dépenses d’exploitation,Charges relatives au personnel - Personnel médical,€
2013,5,3116880.24,normal,PLF,Dépenses d’exploitation,Charges relatives au personnel - Personnel médical,€
2013,6,4987008.38,normal,PLF,Dépenses d’exploitation,Charges relatives au personnel - Personnel médical,€
2013,7,4363632.34,normal,PLF,Dépenses d’exploitation,Charges relatives au personnel - Personnel médical,€
2013,8,5610384.43,normal,PLF,Dépenses d’exploitation,Charges relatives au personnel - Personnel médical,€
2013,9,4987008.38,normal,PLF,Dépenses d’exploitation,Charges relatives au personnel - Personnel médical,€
2013,10,5610384.43,normal,PLF,Dépenses d’exploitation,Charges relatives au personnel - Personnel médical,€
2013,11,6233760.48,normal,PLF,Dépenses d’exploitation,Charges relatives au personnel - Personnel médical,€
2013,12,8103888.62,normal,PLF,Dépenses d’exploitation,Charges relatives au personnel - Personnel médical,€
2013,1,4987008.38,crise,PLF,Dépenses d’exploitation,Charges relatives au personnel - Personnel médical,€
2013,2,5610384.43,crise,PLF,Dépenses d’exploitation,Charges relatives au personnel - Personnel médical,€
2013,3,8727264.67,crise,PLF,Dépenses d’exploitation,Charges relatives au personnel - Personnel médical,€
2013,4,8103888.62,crise,PLF,Dépenses d’exploitation,Charges relatives au personnel - Personnel médical,€
2013,5,4987008.38,crise,PLF,Dépenses d’exploitation,Charges relatives au personnel - Personnel médical,€
2013,6,1870128.14,crise,PLF,Dépenses d’exploitation,Charges relatives au personnel - Personnel médical,€
2013,7,3740256.29,crise,PLF,Dépenses d’exploitation,Charges relatives au personnel - Personnel médical,€
2013,8,8103888.62,crise,PLF,Dépenses d’exploitation,Charges relatives au personnel - Personnel médical,€
2013,9,3740256.29,crise,PLF,Dépenses d’exploitation,Charges relatives au personnel - Personnel médical,€
2013,10,3116880.24,crise,PLF,Dépenses d’exploitation,Charges relatives au personnel - Personnel médical,€
2013,11,4363632.34,crise,PLF,Dépenses d’exploitation,Charges relatives au personnel - Personnel médical,€
2013,12,4987008.38,crise,PLF,Dépenses d’exploitation,Charges relatives au personnel - Personnel médical,€
2013,1,622239.93,normal,CFX,Dépenses d’exploitation,Charges relatives au personnel - Personnel médical,€
2013,2,497791.95,normal,CFX,Dépenses d’exploitation,Charges relatives au personnel - Personnel médical,€
2013,3,435567.95,normal,CFX,Dépenses d’exploitation,Charges relatives au personnel - Personnel médical,€
2013,4,373343.96,normal,CFX,Dépenses d’exploitation,Charges relatives au personnel - Personnel médical,€
2013,5,311119.97,normal,CFX,Dépenses d’exploitation,Charges relatives au personnel - Personnel médical,€
2013,6,497791.95,normal,CFX,Dépenses d’exploitation,Charges relatives au personnel - Personnel médical,€
2013,7,435567.95,normal,CFX,Dépenses d’exploitation,Charges relatives au personnel - Personnel médical,€
2013,8,560015.94,normal,CFX,Dépenses d’exploitation,Charges relatives au personnel - Personnel médical,€
2013,9,497791.95,normal,CFX,Dépenses d’exploitation,Charges relatives au personnel - Personnel médical,€
2013,10,560015.94,normal,CFX,Dépenses d’exploitation,Charges relatives au personnel - Personnel médical,€
2013,11,622239.93,normal,CFX,Dépenses d’exploitation,Charges relatives au personnel - Personnel médical,€
2013,12,808911.91,normal,CFX,Dépenses d’exploitation,Charges relatives au personnel - Personnel médical,€
2013,1,497791.95,crise,CFX,Dépenses d’exploitation,Charges relatives au personnel - Personnel médical,€
2013,2,560015.94,crise,CFX,Dépenses d’exploitation,Charges relatives au personnel - Personnel médical,€
2013,3,871135.91,crise,CFX,Dépenses d’exploitation,Charges relatives au personnel - Personnel médical,€
2013,4,808911.91,crise,CFX,Dépenses d’exploitation,Charges relatives au personnel - Personnel médical,€
2013,5,497791.95,crise,CFX,Dépenses d’exploitation,Charges relatives au personnel - Personnel médical,€
2013,6,186671.98,crise,CFX,Dépenses d’exploitation,Charges relatives au personnel - Personnel médical,€
2013,7,373343.96,crise,CFX,Dépenses d’exploitation,Charges relatives au personnel - Personnel médical,€
2013,8,808911.91,crise,CFX,Dépenses d’exploitation,Charges relatives au personnel - Personnel médical,€
2013,9,373343.96,crise,CFX,Dépenses d’exploitation,Charges relatives au personnel - Personnel médical,€
2013,10,311119.97,crise,CFX,Dépenses d’exploitation,Charges relatives au personnel - Personnel médical,€
2013,11,435567.95,crise,CFX,Dépenses d’exploitation,Charges relatives au personnel - Personnel médical,€
2013,12,497791.95,crise,CFX,Dépenses d’exploitation,Charges relatives au personnel - Personnel médical,€
2014,1,3116885.56,normal,PLF,Dépenses d’exploitation,Charges relatives au personnel - Personnel médical,€
2014,2,2493508.45,normal,PLF,Dépenses d’exploitation,Charges relatives au personnel - Personnel médical,€
2014,3,2181819.89,normal,PLF,Dépenses d’exploitation,Charges relatives au personnel - Personnel médical,€
2014,4,1870131.34,normal,PLF,Dépenses d’exploitation,Charges relatives au personnel - Personnel médical,€
2014,5,1558442.78,normal,PLF,Dépenses d’exploitation,Charges relatives au personnel - Personnel médical,€
2014,6,2493508.45,normal,PLF,Dépenses d’exploitation,Charges relatives au personnel - Personnel médical,€
2014,7,2181819.89,normal,PLF,Dépenses d’exploitation,Charges relatives au personnel - Personnel médical,€
2014,8,2805197.0,normal,PLF,Dépenses d’exploitation,Charges relatives au personnel - Personnel médical,€
2014,9,2493508.45,normal,PLF,Dépenses d’exploitation,Charges relatives au personnel - Personnel médical,€
2014,10,2805197.0,normal,PLF,Dépenses d’exploitation,Charges relatives au personnel - Personnel médical,€
2014,11,3116885.56,normal,PLF,Dépenses d’exploitation,Charges relatives au personnel - Personnel médical,€
2014,12,4051951.23,normal,PLF,Dépenses d’exploitation,Charges relatives au personnel - Personnel médical,€
2014,1,2493508.45,crise,PLF,Dépenses d’exploitation,Charges relatives au personnel - Personnel médical,€
2014,2,2805197.0,crise,PLF,Dépenses d’exploitation,Charges relatives au personnel - Personnel médical,€
2014,3,4363639.78,crise,PLF,Dépenses d’exploitation,Charges relatives au personnel - Personnel médical,€
2014,4,4051951.23,crise,PLF,Dépenses d’exploitation,Charges relatives au personnel - Personnel médical,€
2014,5,2493508.45,crise,PLF,Dépenses d’exploitation,Charges relatives au personnel - Personnel médical,€
2014,6,935065.67,crise,PLF,Dépenses d’exploitation,Charges relatives au personnel - Personnel médical,€
2014,7,1870131.34,crise,PLF,Dépenses d’exploitation,Charges relatives au personnel - Personnel médical,€
2014,8,4051951.23,crise,PLF,Dépenses d’exploitation,Charges relatives au personnel - Personnel médical,€
2014,9,1870131.34,crise,PLF,Dépenses d’exploitation,Charges relatives au personnel - Personnel médical,€
2014,10,1558442.78,crise,PLF,Dépenses d’exploitation,Charges relatives au personnel - Personnel médical,€
2014,11,2181819.89,crise,PLF,Dépenses d’exploitation,Charges relatives au personnel - Personnel médical,€
2014,12,2493508.45,crise,PLF,Dépenses d’exploitation,Charges relatives au personnel - Personnel médical,€
2014,1,623119.97,normal,CFX,Dépenses d’exploitation,Charges relatives au personnel - Personnel médical,€
2014,2,498495.97,normal,CFX,Dépenses d’exploitation,Charges relatives au personnel - Personnel médical,€
2014,3,436183.98,normal,CFX,Dépenses d’exploitation,Charges relatives au personnel - Personnel médical,€
2014,4,373871.98,normal,CFX,Dépenses d’exploitation,Charges relatives au personnel - Personnel médical,€
2014,5,311559.98,normal,CFX,Dépenses d’exploitation,Charges relatives au personnel - Personnel médical,€
2014,6,498495.97,normal,CFX,Dépenses d’exploitation,Charges relatives au personnel - Personnel médical,€
2014,7,436183.98,normal,CFX,Dépenses d’exploitation,Charges relatives au personnel - Personnel médical,€
2014,8,560807.97,normal,CFX,Dépenses d’exploitation,Charges relatives au personnel - Personnel médical,€
2014,9,498495.97,normal,CFX,Dépenses d’exploitation,Charges relatives au personnel - Personnel médical,€
2014,10,560807.97,normal,CFX,Dépenses d’exploitation,Charges relatives au personnel - Personnel médical,€
2014,11,623119.97,normal,CFX,Dépenses d’exploitation,Charges relatives au personnel - Personnel médical,€
2014,12,810055.96,normal,CFX,Dépenses d’exploitation,Charges relatives au personnel - Personnel médical,€
2014,1,498495.97,crise,CFX,Dépenses d’exploitation,Charges relatives au personnel - Personnel médical,€
2014,2,560807.97,crise,CFX,Dépenses d’exploitation,Charges relatives au personnel - Personnel médical,€
2014,3,872367.95,crise,CFX,Dépenses d’exploitation,Charges relatives au personnel - Personnel médical,€
2014,4,810055.96,crise,CFX,Dépenses d’exploitation,Charges relatives au personnel - Personnel médical,€
2014,5,498495.97,crise,CFX,Dépenses d’exploitation,Charges relatives au personnel - Personnel médical,€
2014,6,186935.99,crise,CFX,Dépenses d’exploitation,Charges relatives au personnel - Personnel médical,€
2014,7,373871.98,crise,CFX,Dépenses d’exploitation,Charges relatives au personnel - Personnel médical,€
2014,8,810055.96,crise,CFX,Dépenses d’exploitation,Charges relatives au personnel - Personnel médical,€
2014,9,373871.98,crise,CFX,Dépenses d’exploitation,Charges relatives au personnel - Personnel médical,€
2014,10,311559.98,crise,CFX,Dépenses d’exploitation,Charges relatives au personnel - Personnel médical,€
2014,11,436183.98,crise,CFX,Dépenses d’exploitation,Charges relatives au personnel - Personnel médical,€
2014,12,498495.97,crise,CFX,Dépenses d’exploitation,Charges relatives au personnel - Personnel médical,€
2015,1,10.64,normal,PLF,Dépenses d’exploitation,Charges relatives au personnel - Personnel médical,€
2015,2,8.51,normal,PLF,Dépenses d’exploitation,Charges relatives au personnel - Personnel médical,€
2015,3,7.45,normal,PLF,Dépenses d’exploitation,Charges relatives au personnel - Personnel médical,€
2015,4,6.38,normal,PLF,Dépenses d’exploitation,Charges relatives au personnel - Personnel médical,€
2015,5,5.32,normal,PLF,Dépenses d’exploitation,Charges relatives au personnel - Personnel médical,€
2015,6,8.51,normal,PLF,Dépenses d’exploitation,Charges relatives au personnel - Personnel médical,€
2015,7,7.45,normal,PLF,Dépenses d’exploitation,Charges relatives au personnel - Personnel médical,€
2015,8,9.58,normal,PLF,Dépenses d’exploitation,Charges relatives au personnel - Personnel médical,€
2015,9,8.51,normal,PLF,Dépenses d’exploitation,Charges relatives au personnel - Personnel médical,€
2015,10,9.58,normal,PLF,Dépenses d’exploitation,Charges relatives au personnel - Personnel médical,€
2015,11,10.64,normal,PLF,Dépenses d’exploitation,Charges relatives au personnel - Personnel médical,€
2015,12,13.83,normal,PLF,Dépenses d’exploitation,Charges relatives au personnel - Personnel médical,€
2015,1,8.51,crise,PLF,Dépenses d’exploitation,Charges relatives au personnel - Personnel médical,€
2015,2,9.58,crise,PLF,Dépenses d’exploitation,Charges relatives au personnel - Personnel médical,€
2015,3,14.89,crise,PLF,Dépenses d’exploitation,Charges relatives au personnel - Personnel médical,€
2015,4,13.83,crise,PLF,Dépenses d’exploitation,Charges relatives au personnel - Personnel médical,€
2015,5,8.51,crise,PLF,Dépenses d’exploitation,Charges relatives au personnel - Personnel médical,€
2015,6,3.19,crise,PLF,Dépenses d’exploitation,Charges relatives au personnel - Personnel médical,€
2015,7,6.38,crise,PLF,Dépenses d’exploitation,Charges relatives au personnel - Personnel médical,€
2015,8,13.83,crise,PLF,Dépenses d’exploitation,Charges relatives au personnel - Personnel médical,€
2015,9,6.38,crise,PLF,Dépenses d’exploitation,Charges relatives au personnel - Personnel médical,€
2015,10,5.32,crise,PLF,Dépenses d’exploitation,Charges relatives au personnel - Personnel médical,€
2015,11,7.45,crise,PLF,Dépenses d’exploitation,Charges relatives au personnel - Personnel médical,€
2015,12,8.51,crise,PLF,Dépenses d’exploitation,Charges relatives au personnel - Personnel médical,€
2015,1,624000.0,normal,CFX,Dépenses d’exploitation,Charges relatives au personnel - Personnel médical,€
2015,2,499200.0,normal,CFX,Dépenses d’exploitation,Charges relatives au personnel - Personnel médical,€
2015,3,436800.0,normal,CFX,Dépenses d’exploitation,Charges relatives au personnel - Personnel médical,€
2015,4,374400.0,normal,CFX,Dépenses d’exploitation,Charges relatives au personnel - Personnel médical,€
2015,5,312000.0,normal,CFX,Dépenses d’exploitation,Charges relatives au personnel - Personnel médical,€
2015,6,499200.0,normal,CFX,Dépenses d’exploitation,Charges relatives au personnel - Personnel médical,€
2015,7,436800.0,normal,CFX,Dépenses d’exploitation,Charges relatives au personnel - Personnel médical,€
2015,8,561600.0,normal,CFX,Dépenses d’exploitation,Charges relatives au personnel - Personnel médical,€
2015,9,499200.0,normal,CFX,Dépenses d’exploitation,Charges relatives au personnel - Personnel médical,€
2015,10,561600.0,normal,CFX,Dépenses d’exploitation,Charges relatives au personnel - Personnel médical,€
2015,11,624000.0,normal,CFX,Dépenses d’exploitation,Charges relatives au personnel - Personnel médical,€
2015,12,811200.0,normal,CFX,Dépenses d’exploitation,Charges relatives au personnel - Personnel médical,€
2015,1,499200.0,crise,CFX,Dépenses d’exploitation,Charges relatives au personnel - Personnel médical,€
2015,2,561600.0,crise,CFX,Dépenses d’exploitation,Charges relatives au personnel - Personnel médical,€
2015,3,873600.0,crise,CFX,Dépenses d’exploitation,Charges relatives au personnel - Personnel médical,€
2015,4,811200.0,crise,CFX,Dépenses d’exploitation,Charges relatives au personnel - Personnel médical,€
2015,5,499200.0,crise,CFX,Dépenses d’exploitation,Charges relatives au personnel - Personnel médical,€
2015,6,187200.0,crise,CFX,Dépenses d’exploitation,Charges relatives au personnel - Personnel médical,€
2015,7,374400.0,crise,CFX,Dépenses d’exploitation,Charges relatives au personnel - Personnel médical,€
2015,8,811200.0,crise,CFX,Dépenses d’exploitation,Charges relatives au personnel - Personnel médical,€
2015,9,374400.0,crise,CFX,Dépenses d’exploitation,Charges relatives au personnel - Personnel médical,€
2015,10,312000.0,crise,CFX,Dépenses d’exploitation,Charges relatives au personnel - Personnel médical,€
2015,11,436800.0,crise,CFX,Dépenses d’exploitation,Charges relatives au personnel - Personnel médical,€
2015,12,499200.0,crise,CFX,Dépenses d’exploitation,Charges relatives au personnel - Personnel médical,€
2016,1,10.64,normal,PLF,Dépenses d’exploitation,Charges relatives au personnel - Personnel médical,€
2016,2,8.51,normal,PLF,Dépenses d’exploitation,Charges relatives au personnel - Personnel médical,€
2016,3,7.45,normal,PLF,Dépenses d’exploitation,Charges relatives au personnel - Personnel médical,€
2016,4,6.38,normal,PLF,Dépenses d’exploitation,Charges relatives au personnel - Personnel médical,€
2016,5,5.32,normal,PLF,Dépenses d’exploitation,Charges relatives au personnel - Personnel médical,€
2016,6,8.51,normal,PLF,Dépenses d’exploitation,Charges relatives au personnel - Personnel médical,€
2016,7,7.45,normal,PLF,Dépenses d’exploitation,Charges relatives au personnel - Personnel médical,€
2016,8,9.58,normal,PLF,Dépenses d’exploitation,Charges relatives au personnel - Personnel médical,€
2016,9,8.51,normal,PLF,Dépenses d’exploitation,Charges relatives au personnel - Personnel médical,€
2016,10,9.58,normal,PLF,Dépenses d’exploitation,Charges relatives au personnel - Personnel médical,€
2016,11,10.64,normal,PLF,Dépenses d’exploitation,Charges relatives au personnel - Personnel médical,€
2016,12,13.83,normal,PLF,Dépenses d’exploitation,Charges relatives au personnel - Personnel médical,€
2016,1,8.51,crise,PLF,Dépenses d’exploitation,Charges relatives au personnel - Personnel médical,€
2016,2,9.58,crise,PLF,Dépenses d’exploitation,Charges relatives au personnel - Personnel médical,€
2016,3,14.89,crise,PLF,Dépenses d’exploitation,Charges relatives au personnel - Personnel médical,€
2016,4,13.83,crise,PLF,Dépenses d’exploitation,Charges relatives au personnel - Personnel médical,€
2016,5,8.51,crise,PLF,Dépenses d’exploitation,Charges relatives au personnel - Personnel médical,€
2016,6,3.19,crise,PLF,Dépenses d’exploitation,Charges relatives au personnel - Personnel médical,€
2016,7,6.38,crise,PLF,Dépenses d’exploitation,Charges relatives au personnel - Personnel médical,€
2016,8,13.83,crise,PLF,Dépenses d’exploitation,Charges relatives au personnel - Personnel médical,€
2016,9,6.38,crise,PLF,Dépenses d’exploitation,Charges relatives au personnel - Personnel médical,€
2016,10,5.32,crise,PLF,Dépenses d’exploitation,Charges relatives au personnel - Personnel médical,€
2016,11,7.45,crise,PLF,Dépenses d’exploitation,Charges relatives au personnel - Personnel médical,€
2016,12,8.51,crise,PLF,Dépenses d’exploitation,Charges relatives au personnel - Personnel médical,€
2016,1,624000.0,normal,CFX,Dépenses d’exploitation,Charges relatives au personnel - Personnel médical,€
2016,2,499200.0,normal,CFX,Dépenses d’exploitation,Charges relatives au personnel - Personnel médical,€
2016,3,436800.0,normal,CFX,Dépenses d’exploitation,Charges relatives au personnel - Personnel médical,€
2016,4,374400.0,normal,CFX,Dépenses d’exploitation,Charges relatives au personnel - Personnel médical,€
2016,5,312000.0,normal,CFX,Dépenses d’exploitation,Charges relatives au personnel - Personnel médical,€
2016,6,499200.0,normal,CFX,Dépenses d’exploitation,Charges relatives au personnel - Personnel médical,€
2016,7,436800.0,normal,CFX,Dépenses d’exploitation,Charges relatives au personnel - Personnel médical,€
2016,8,561600.0,normal,CFX,Dépenses d’exploitation,Charges relatives au personnel - Personnel médical,€
2016,9,499200.0,normal,CFX,Dépenses d’exploitation,Charges relatives au personnel - Personnel médical,€
2016,10,561600.0,normal,CFX,Dépenses d’exploitation,Charges relatives au personnel - Personnel médical,€
2016,11,624000.0,normal,CFX,Dépenses d’exploitation,Charges relatives au personnel - Personnel médical,€
2016,12,811200.0,normal,CFX,Dépenses d’exploitation,Charges relatives au personnel - Personnel médical,€
2016,1,499200.0,crise,CFX,Dépenses d’exploitation,Charges relatives au personnel - Personnel médical,€
2016,2,561600.0,crise,CFX,Dépenses d’exploitation,Charges relatives au personnel - Personnel médical,€
2016,3,873600.0,crise,CFX,Dépenses d’exploitation,Charges relatives au personnel - Personnel médical,€
2016,4,811200.0,crise,CFX,Dépenses d’exploitation,Charges relatives au personnel - Personnel médical,€
2016,5,499200.0,crise,CFX,Dépenses d’exploitation,Charges relatives au personnel - Personnel médical,€
2016,6,187200.0,crise,CFX,Dépenses d’exploitation,Charges relatives au personnel - Personnel médical,€
2016,7,374400.0,crise,CFX,Dépenses d’exploitation,Charges relatives au personnel - Personnel médical,€
2016,8,811200.0,crise,CFX,Dépenses d’exploitation,Charges relatives au personnel - Personnel médical,€
2016,9,374400.0,crise,CFX,Dépenses d’exploitation,Charges relatives au personnel - Personnel médical,€
2016,10,312000.0,crise,CFX,Dépenses d’exploitation,Charges relatives au personnel - Personnel médical,€
2016,11,436800.0,crise,CFX,Dépenses d’exploitation,Charges relatives au personnel - Personnel médical,€
2016,12,499200.0,crise,CFX,Dépenses d’exploitation,Charges relatives au personnel - Personnel médical,€
2011,1,29728328.1,normal,PLF,Dépenses d’exploitation,Charges relatives au personnel - Personnel non médical,€
2011,2,23782662.48,normal,PLF,Dépenses d’exploitation,Charges relatives au personnel - Personnel non médical,€
2011,3,20809829.67,normal,PLF,Dépenses d’exploitation,Charges relatives au personnel - Personnel non médical,€
2011,4,17836996.86,normal,PLF,Dépenses d’exploitation,Charges relatives au personnel - Personnel non médical,€
2011,5,14864164.05,normal,PLF,Dépenses d’exploitation,Charges relatives au personnel - Personnel non médical,€
2011,6,23782662.48,normal,PLF,Dépenses d’exploitation,Charges relatives au personnel - Personnel non médical,€
2011,7,20809829.67,normal,PLF,Dépenses d’exploitation,Charges relatives au personnel - Personnel non médical,€
2011,8,26755495.29,normal,PLF,Dépenses d’exploitation,Charges relatives au personnel - Personnel non médical,€
2011,9,23782662.48,normal,PLF,Dépenses d’exploitation,Charges relatives au personnel - Personnel non médical,€
2011,10,26755495.29,normal,PLF,Dépenses d’exploitation,Charges relatives au personnel - Personnel non médical,€
2011,11,29728328.1,normal,PLF,Dépenses d’exploitation,Charges relatives au personnel - Personnel non médical,€
2011,12,38646826.53,normal,PLF,Dépenses d’exploitation,Charges relatives au personnel - Personnel non médical,€
2011,1,23782662.48,crise,PLF,Dépenses d’exploitation,Charges relatives au personnel - Personnel non médical,€
2011,2,26755495.29,crise,PLF,Dépenses d’exploitation,Charges relatives au personnel - Personnel non médical,€
2011,3,41619659.34,crise,PLF,Dépenses d’exploitation,Charges relatives au personnel - Personnel non médical,€
2011,4,38646826.53,crise,PLF,Dépenses d’exploitation,Charges relatives au personnel - Personnel non médical,€
2011,5,23782662.48,crise,PLF,Dépenses d’exploitation,Charges relatives au personnel - Personnel non médical,€
2011,6,8918498.43,crise,PLF,Dépenses d’exploitation,Charges relatives au personnel - Personnel non médical,€
2011,7,17836996.86,crise,PLF,Dépenses d’exploitation,Charges relatives au personnel - Personnel non médical,€
2011,8,38646826.53,crise,PLF,Dépenses d’exploitation,Charges relatives au personnel - Personnel non médical,€
2011,9,17836996.86,crise,PLF,Dépenses d’exploitation,Charges relatives au personnel - Personnel non médical,€
2011,10,14864164.05,crise,PLF,Dépenses d’exploitation,Charges relatives au personnel - Personnel non médical,€
2011,11,20809829.67,crise,PLF,Dépenses d’exploitation,Charges relatives au personnel - Personnel non médical,€
2011,12,23782662.48,crise,PLF,Dépenses d’exploitation,Charges relatives au personnel - Personnel non médical,€
2011,1,3613297.9,normal,CFX,Dépenses d’exploitation,Charges relatives au personnel - Personnel non médical,€
2011,2,2890638.32,normal,CFX,Dépenses d’exploitation,Charges relatives au personnel - Personnel non médical,€
2011,3,2529308.53,normal,CFX,Dépenses d’exploitation,Charges relatives au personnel - Personnel non médical,€
2011,4,2167978.74,normal,CFX,Dépenses d’exploitation,Charges relatives au personnel - Personnel non médical,€
2011,5,1806648.95,normal,CFX,Dépenses d’exploitation,Charges relatives au personnel - Personnel non médical,€
2011,6,2890638.32,normal,CFX,Dépenses d’exploitation,Charges relatives au personnel - Personnel non médical,€
2011,7,2529308.53,normal,CFX,Dépenses d’exploitation,Charges relatives au personnel - Personnel non médical,€
2011,8,3251968.11,normal,CFX,Dépenses d’exploitation,Charges relatives au personnel - Personnel non médical,€
2011,9,2890638.32,normal,CFX,Dépenses d’exploitation,Charges relatives au personnel - Personnel non médical,€
2011,10,3251968.11,normal,CFX,Dépenses d’exploitation,Charges relatives au personnel - Personnel non médical,€
2011,11,3613297.9,normal,CFX,Dépenses d’exploitation,Charges relatives au personnel - Personnel non médical,€
2011,12,4697287.27,normal,CFX,Dépenses d’exploitation,Charges relatives au personnel - Personnel non médical,€
2011,1,2890638.32,crise,CFX,Dépenses d’exploitation,Charges relatives au personnel - Personnel non médical,€
2011,2,3251968.11,crise,CFX,Dépenses d’exploitation,Charges relatives au personnel - Personnel non médical,€
2011,3,5058617.06,crise,CFX,Dépenses d’exploitation,Charges relatives au personnel - Personnel non médical,€
2011,4,4697287.27,crise,CFX,Dépenses d’exploitation,Charges relatives au personnel - Personnel non médical,€
2011,5,2890638.32,crise,CFX,Dépenses d’exploitation,Charges relatives au personnel - Personnel non médical,€
2011,6,1083989.37,crise,CFX,Dépenses d’exploitation,Charges relatives au personnel - Personnel non médical,€
2011,7,2167978.74,crise,CFX,Dépenses d’exploitation,Charges relatives au personnel - Personnel non médical,€
2011,8,4697287.27,crise,CFX,Dépenses d’exploitation,Charges relatives au personnel - Personnel non médical,€
2011,9,2167978.74,crise,CFX,Dépenses d’exploitation,Charges relatives au personnel - Personnel non médical,€
2011,10,1806648.95,crise,CFX,Dépenses d’exploitation,Charges relatives au personnel - Personnel non médical,€
2011,11,2529308.53,crise,CFX,Dépenses d’exploitation,Charges relatives au personnel - Personnel non médical,€
2011,12,2890638.32,crise,CFX,Dépenses d’exploitation,Charges relatives au personnel - Personnel non médical,€
2012,1,29728328.1,normal,PLF,Dépenses d’exploitation,Charges relatives au personnel - Personnel non médical,€
2012,2,23782662.48,normal,PLF,Dépenses d’exploitation,Charges relatives au personnel - Personnel non médical,€
2012,3,20809829.67,normal,PLF,Dépenses d’exploitation,Charges relatives au personnel - Personnel non médical,€
2012,4,17836996.86,normal,PLF,Dépenses d’exploitation,Charges relatives au personnel - Personnel non médical,€
2012,5,14864164.05,normal,PLF,Dépenses d’exploitation,Charges relatives au personnel - Personnel non médical,€
2012,6,23782662.48,normal,PLF,Dépenses d’exploitation,Charges relatives au personnel - Personnel non médical,€
2012,7,20809829.67,normal,PLF,Dépenses d’exploitation,Charges relatives au personnel - Personnel non médical,€
2012,8,26755495.29,normal,PLF,Dépenses d’exploitation,Charges relatives au personnel - Personnel non médical,€
2012,9,23782662.48,normal,PLF,Dépenses d’exploitation,Charges relatives au personnel - Personnel non médical,€
2012,10,26755495.29,normal,PLF,Dépenses d’exploitation,Charges relatives au personnel - Personnel non médical,€
2012,11,29728328.1,normal,PLF,Dépenses d’exploitation,Charges relatives au personnel - Personnel non médical,€
2012,12,38646826.53,normal,PLF,Dépenses d’exploitation,Charges relatives au personnel - Personnel non médical,€
2012,1,23782662.48,crise,PLF,Dépenses d’exploitation,Charges relatives au personnel - Personnel non médical,€
2012,2,26755495.29,crise,PLF,Dépenses d’exploitation,Charges relatives au personnel - Personnel non médical,€
2012,3,41619659.34,crise,PLF,Dépenses d’exploitation,Charges relatives au personnel - Personnel non médical,€
2012,4,38646826.53,crise,PLF,Dépenses d’exploitation,Charges relatives au personnel - Personnel non médical,€
2012,5,23782662.48,crise,PLF,Dépenses d’exploitation,Charges relatives au personnel - Personnel non médical,€
2012,6,8918498.43,crise,PLF,Dépenses d’exploitation,Charges relatives au personnel - Personnel non médical,€
2012,7,17836996.86,crise,PLF,Dépenses d’exploitation,Charges relatives au personnel - Personnel non médical,€
2012,8,38646826.53,crise,PLF,Dépenses d’exploitation,Charges relatives au personnel - Personnel non médical,€
2012,9,17836996.86,crise,PLF,Dépenses d’exploitation,Charges relatives au personnel - Personnel non médical,€
2012,10,14864164.05,crise,PLF,Dépenses d’exploitation,Charges relatives au personnel - Personnel non médical,€
2012,11,20809829.67,crise,PLF,Dépenses d’exploitation,Charges relatives au personnel - Personnel non médical,€
2012,12,23782662.48,crise,PLF,Dépenses d’exploitation,Charges relatives au personnel - Personnel non médical,€
2012,1,3613297.9,normal,CFX,Dépenses d’exploitation,Charges relatives au personnel - Personnel non médical,€
2012,2,2890638.32,normal,CFX,Dépenses d’exploitation,Charges relatives au personnel - Personnel non médical,€
2012,3,2529308.53,normal,CFX,Dépenses d’exploitation,Charges relatives au personnel - Personnel non médical,€
2012,4,2167978.74,normal,CFX,Dépenses d’exploitation,Charges relatives au personnel - Personnel non médical,€
2012,5,1806648.95,normal,CFX,Dépenses d’exploitation,Charges relatives au personnel - Personnel non médical,€
2012,6,2890638.32,normal,CFX,Dépenses d’exploitation,Charges relatives au personnel - Personnel non médical,€
2012,7,2529308.53,normal,CFX,Dépenses d’exploitation,Charges relatives au personnel - Personnel non médical,€
2012,8,3251968.11,normal,CFX,Dépenses d’exploitation,Charges relatives au personnel - Personnel non médical,€
2012,9,2890638.32,normal,CFX,Dépenses d’exploitation,Charges relatives au personnel - Personnel non médical,€
2012,10,3251968.11,normal,CFX,Dépenses d’exploitation,Charges relatives au personnel - Personnel non médical,€
2012,11,3613297.9,normal,CFX,Dépenses d’exploitation,Charges relatives au personnel - Personnel non médical,€
2012,12,4697287.27,normal,CFX,Dépenses d’exploitation,Charges relatives au personnel - Personnel non médical,€
2012,1,2890638.32,crise,CFX,Dépenses d’exploitation,Charges relatives au personnel - Personnel non médical,€
2012,2,3251968.11,crise,CFX,Dépenses d’exploitation,Charges relatives au personnel - Personnel non médical,€
2012,3,5058617.06,crise,CFX,Dépenses d’exploitation,Charges relatives au personnel - Personnel non médical,€
2012,4,4697287.27,crise,CFX,Dépenses d’exploitation,Charges relatives au personnel - Personnel non médical,€
2012,5,2890638.32,crise,CFX,Dépenses d’exploitation,Charges relatives au personnel - Personnel non médical,€
2012,6,1083989.37,crise,CFX,Dépenses d’exploitation,Charges relatives au personnel - Personnel non médical,€
2012,7,2167978.74,crise,CFX,Dépenses d’exploitation,Charges relatives au personnel - Personnel non médical,€
2012,8,4697287.27,crise,CFX,Dépenses d’exploitation,Charges relatives au personnel - Personnel non médical,€
2012,9,2167978.74,crise,CFX,Dépenses d’exploitation,Charges relatives au personnel - Personnel non médical,€
2012,10,1806648.95,crise,CFX,Dépenses d’exploitation,Charges relatives au personnel - Personnel non médical,€
2012,11,2529308.53,crise,CFX,Dépenses d’exploitation,Charges relatives au personnel - Personnel non médical,€
2012,12,2890638.32,crise,CFX,Dépenses d’exploitation,Charges relatives au personnel - Personnel non médical,€
2013,1,30583552.07,normal,PLF,Dépenses d’exploitation,Charges relatives au personnel - Personnel non médical,€
2013,2,24466841.65,normal,PLF,Dépenses d’exploitation,Charges relatives au personnel - Personnel non médical,€
2013,3,21408486.45,normal,PLF,Dépenses d’exploitation,Charges relatives au personnel - Personnel non médical,€
2013,4,18350131.24,normal,PLF,Dépenses d’exploitation,Charges relatives au personnel - Personnel non médical,€
2013,5,15291776.03,normal,PLF,Dépenses d’exploitation,Charges relatives au personnel - Personnel non médical,€
2013,6,24466841.65,normal,PLF,Dépenses d’exploitation,Charges relatives au personnel - Personnel non médical,€
2013,7,21408486.45,normal,PLF,Dépenses d’exploitation,Charges relatives au personnel - Personnel non médical,€
2013,8,27525196.86,normal,PLF,Dépenses d’exploitation,Charges relatives au personnel - Personnel non médical,€
2013,9,24466841.65,normal,PLF,Dépenses d’exploitation,Charges relatives au personnel - Personnel non médical,€
2013,10,27525196.86,normal,PLF,Dépenses d’exploitation,Charges relatives au personnel - Personnel non médical,€
2013,11,30583552.07,normal,PLF,Dépenses d’exploitation,Charges relatives au personnel - Personnel non médical,€
2013,12,39758617.69,normal,PLF,Dépenses d’exploitation,Charges relatives au personnel - Personnel non médical,€
2013,1,24466841.65,crise,PLF,Dépenses d’exploitation,Charges relatives au personnel - Personnel non médical,€
2013,2,27525196.86,crise,PLF,Dépenses d’exploitation,Charges relatives au personnel - Personnel non médical,€
2013,3,42816972.89,crise,PLF,Dépenses d’exploitation,Charges relatives au personnel - Personnel non médical,€
2013,4,39758617.69,crise,PLF,Dépenses d’exploitation,Charges relatives au personnel - Personnel non médical,€
2013,5,24466841.65,crise,PLF,Dépenses d’exploitation,Charges relatives au personnel - Personnel non médical,€
2013,6,9175065.62,crise,PLF,Dépenses d’exploitation,Charges relatives au personnel - Personnel non médical,€
2013,7,18350131.24,crise,PLF,Dépenses d’exploitation,Charges relatives au personnel - Personnel non médical,€
2013,8,39758617.69,crise,PLF,Dépenses d’exploitation,Charges relatives au personnel - Personnel non médical,€
2013,9,18350131.24,crise,PLF,Dépenses d’exploitation,Charges relatives au personnel - Personnel non médical,€
2013,10,15291776.03,crise,PLF,Dépenses d’exploitation,Charges relatives au personnel - Personnel non médical,€
2013,11,21408486.45,crise,PLF,Dépenses d’exploitation,Charges relatives au personnel - Personnel non médical,€
2013,12,24466841.65,crise,PLF,Dépenses d’exploitation,Charges relatives au personnel - Personnel non médical,€
2013,1,3605531.93,normal,CFX,Dépenses d’exploitation,Charges relatives au personnel - Personnel non médical,€
2013,2,2884425.55,normal,CFX,Dépenses d’exploitation,Charges relatives au personnel - Personnel non médical,€
2013,3,2523872.35,normal,CFX,Dépenses d’exploitation,Charges relatives au personnel - Personnel non médical,€
2013,4,2163319.16,normal,CFX,Dépenses d’exploitation,Charges relatives au personnel - Personnel non médical,€
2013,5,1802765.97,normal,CFX,Dépenses d’exploitation,Charges relatives au personnel - Personnel non médical,€
2013,6,2884425.55,normal,CFX,Dépenses d’exploitation,Charges relatives au personnel - Personnel non médical,€
2013,7,2523872.35,normal,CFX,Dépenses d’exploitation,Charges relatives au personnel - Personnel non médical,€
2013,8,3244978.74,normal,CFX,Dépenses d’exploitation,Charges relatives au personnel - Personnel non médical,€
2013,9,2884425.55,normal,CFX,Dépenses d’exploitation,Charges relatives au personnel - Personnel non médical,€
2013,10,3244978.74,normal,CFX,Dépenses d’exploitation,Charges relatives au personnel - Personnel non médical,€
2013,11,3605531.93,normal,CFX,Dépenses d’exploitation,Charges relatives au personnel - Personnel non médical,€
2013,12,4687191.51,normal,CFX,Dépenses d’exploitation,Charges relatives au personnel - Personnel non médical,€
2013,1,2884425.55,crise,CFX,Dépenses d’exploitation,Charges relatives au personnel - Personnel non médical,€
2013,2,3244978.74,crise,CFX,Dépenses d’exploitation,Charges relatives au personnel - Personnel non médical,€
2013,3,5047744.71,crise,CFX,Dépenses d’exploitation,Charges relatives au personnel - Personnel non médical,€
2013,4,4687191.51,crise,CFX,Dépenses d’exploitation,Charges relatives au personnel - Personnel non médical,€
2013,5,2884425.55,crise,CFX,Dépenses d’exploitation,Charges relatives au personnel - Personnel non médical,€
2013,6,1081659.58,crise,CFX,Dépenses d’exploitation,Charges relatives au personnel - Personnel non médical,€
2013,7,2163319.16,crise,CFX,Dépenses d’exploitation,Charges relatives au personnel - Personnel non médical,€
2013,8,4687191.51,crise,CFX,Dépenses d’exploitation,Charges relatives au personnel - Personnel non médical,€
2013,9,2163319.16,crise,CFX,Dépenses d’exploitation,Charges relatives au personnel - Personnel non médical,€
2013,10,1802765.97,crise,CFX,Dépenses d’exploitation,Charges relatives au personnel - Personnel non médical,€
2013,11,2523872.35,crise,CFX,Dépenses d’exploitation,Charges relatives au personnel - Personnel non médical,€
2013,12,2884425.55,crise,CFX,Dépenses d’exploitation,Charges relatives au personnel - Personnel non médical,€
2014,1,31438776.03,normal,PLF,Dépenses d’exploitation,Charges relatives au personnel - Personnel non médical,€
2014,2,25151020.83,normal,PLF,Dépenses d’exploitation,Charges relatives au personnel - Personnel non médical,€
2014,3,22007143.22,normal,PLF,Dépenses d’exploitation,Charges relatives au personnel - Personnel non médical,€
2014,4,18863265.62,normal,PLF,Dépenses d’exploitation,Charges relatives au personnel - Personnel non médical,€
2014,5,15719388.02,normal,PLF,Dépenses d’exploitation,Charges relatives au personnel - Personnel non médical,€
2014,6,25151020.83,normal,PLF,Dépenses d’exploitation,Charges relatives au personnel - Personnel non médical,€
2014,7,22007143.22,normal,PLF,Dépenses d’exploitation,Charges relatives au personnel - Personnel non médical,€
2014,8,28294898.43,normal,PLF,Dépenses d’exploitation,Charges relatives au personnel - Personnel non médical,€
2014,9,25151020.83,normal,PLF,Dépenses d’exploitation,Charges relatives au personnel - Personnel non médical,€
2014,10,28294898.43,normal,PLF,Dépenses d’exploitation,Charges relatives au personnel - Personnel non médical,€
2014,11,31438776.03,normal,PLF,Dépenses d’exploitation,Charges relatives au personnel - Personnel non médical,€
2014,12,40870408.84,normal,PLF,Dépenses d’exploitation,Charges relatives au personnel - Personnel non médical,€
2014,1,25151020.83,crise,PLF,Dépenses d’exploitation,Charges relatives au personnel - Personnel non médical,€
2014,2,28294898.43,crise,PLF,Dépenses d’exploitation,Charges relatives au personnel - Personnel non médical,€
2014,3,44014286.45,crise,PLF,Dépenses d’exploitation,Charges relatives au personnel - Personnel non médical,€
2014,4,40870408.84,crise,PLF,Dépenses d’exploitation,Charges relatives au personnel - Personnel non médical,€
2014,5,25151020.83,crise,PLF,Dépenses d’exploitation,Charges relatives au personnel - Personnel non médical,€
2014,6,9431632.81,crise,PLF,Dépenses d’exploitation,Charges relatives au personnel - Personnel non médical,€
2014,7,18863265.62,crise,PLF,Dépenses d’exploitation,Charges relatives au personnel - Personnel non médical,€
2014,8,40870408.84,crise,PLF,Dépenses d’exploitation,Charges relatives au personnel - Personnel non médical,€
2014,9,18863265.62,crise,PLF,Dépenses d’exploitation,Charges relatives au personnel - Personnel non médical,€
2014,10,15719388.02,crise,PLF,Dépenses d’exploitation,Charges relatives au personnel - Personnel non médical,€
2014,11,22007143.22,crise,PLF,Dépenses d’exploitation,Charges relatives au personnel - Personnel non médical,€
2014,12,25151020.83,crise,PLF,Dépenses d’exploitation,Charges relatives au personnel - Personnel non médical,€
2014,1,3597765.97,normal,CFX,Dépenses d’exploitation,Charges relatives au personnel - Personnel non médical,€
2014,2,2878212.77,normal,CFX,Dépenses d’exploitation,Charges relatives au personnel - Personnel non médical,€
2014,3,2518436.18,normal,CFX,Dépenses d’exploitation,Charges relatives au personnel - Personnel non médical,€
2014,4,2158659.58,normal,CFX,Dépenses d’exploitation,Charges relatives au personnel - Personnel non médical,€
2014,5,1798882.98,normal,CFX,Dépenses d’exploitation,Charges relatives au personnel - Personnel non médical,€
2014,6,2878212.77,normal,CFX,Dépenses d’exploitation,Charges relatives au personnel - Personnel non médical,€
2014,7,2518436.18,normal,CFX,Dépenses d’exploitation,Charges relatives au personnel - Personnel non médical,€
2014,8,3237989.37,normal,CFX,Dépenses d’exploitation,Charges relatives au personnel - Personnel non médical,€
2014,9,2878212.77,normal,CFX,Dépenses d’exploitation,Charges relatives au personnel - Personnel non médical,€
2014,10,3237989.37,normal,CFX,Dépenses d’exploitation,Charges relatives au personnel - Personnel non médical,€
2014,11,3597765.97,normal,CFX,Dépenses d’exploitation,Charges relatives au personnel - Personnel non médical,€
2014,12,4677095.76,normal,CFX,Dépenses d’exploitation,Charges relatives au personnel - Personnel non médical,€
2014,1,2878212.77,crise,CFX,Dépenses d’exploitation,Charges relatives au personnel - Personnel non médical,€
2014,2,3237989.37,crise,CFX,Dépenses d’exploitation,Charges relatives au personnel - Personnel non médical,€
2014,3,5036872.35,crise,CFX,Dépenses d’exploitation,Charges relatives au personnel - Personnel non médical,€
2014,4,4677095.76,crise,CFX,Dépenses d’exploitation,Charges relatives au personnel - Personnel non médical,€
2014,5,2878212.77,crise,CFX,Dépenses d’exploitation,Charges relatives au personnel - Personnel non médical,€
2014,6,1079329.79,crise,CFX,Dépenses d’exploitation,Charges relatives au personnel - Personnel non médical,€
2014,7,2158659.58,crise,CFX,Dépenses d’exploitation,Charges relatives au personnel - Personnel non médical,€
2014,8,4677095.76,crise,CFX,Dépenses d’exploitation,Charges relatives au personnel - Personnel non médical,€
2014,9,2158659.58,crise,CFX,Dépenses d’exploitation,Charges relatives au personnel - Personnel non médical,€
2014,10,1798882.98,crise,CFX,Dépenses d’exploitation,Charges relatives au personnel - Personnel non médical,€
2014,11,2518436.18,crise,CFX,Dépenses d’exploitation,Charges relatives au personnel - Personnel non médical,€
2014,12,2878212.77,crise,CFX,Dépenses d’exploitation,Charges relatives au personnel - Personnel non médical,€
2015,1,32294000.0,normal,PLF,Dépenses d’exploitation,Charges relatives au personnel - Personnel non médical,€
2015,2,25835200.0,normal,PLF,Dépenses d’exploitation,Charges relatives au personnel - Personnel non médical,€
2015,3,22605800.0,normal,PLF,Dépenses d’exploitation,Charges relatives au personnel - Personnel non médical,€
2015,4,19376400.0,normal,PLF,Dépenses d’exploitation,Charges relatives au personnel - Personnel non médical,€
2015,5,16147000.0,normal,PLF,Dépenses d’exploitation,Charges relatives au personnel - Personnel non médical,€
2015,6,25835200.0,normal,PLF,Dépenses d’exploitation,Charges relatives au personnel - Personnel non médical,€
2015,7,22605800.0,normal,PLF,Dépenses d’exploitation,Charges relatives au personnel - Personnel non médical,€
2015,8,29064600.0,normal,PLF,Dépenses d’exploitation,Charges relatives au personnel - Personnel non médical,€
2015,9,25835200.0,normal,PLF,Dépenses d’exploitation,Charges relatives au personnel - Personnel non médical,€
2015,10,29064600.0,normal,PLF,Dépenses d’exploitation,Charges relatives au personnel - Personnel non médical,€
2015,11,32294000.0,normal,PLF,Dépenses d’exploitation,Charges relatives au personnel - Personnel non médical,€
2015,12,41982200.0,normal,PLF,Dépenses d’exploitation,Charges relatives au personnel - Personnel non médical,€
2015,1,25835200.0,crise,PLF,Dépenses d’exploitation,Charges relatives au personnel - Personnel non médical,€
2015,2,29064600.0,crise,PLF,Dépenses d’exploitation,Charges relatives au personnel - Personnel non médical,€
2015,3,45211600.0,crise,PLF,Dépenses d’exploitation,Charges relatives au personnel - Personnel non médical,€
2015,4,41982200.0,crise,PLF,Dépenses d’exploitation,Charges relatives au personnel - Personnel non médical,€
2015,5,25835200.0,crise,PLF,Dépenses d’exploitation,Charges relatives au personnel - Personnel non médical,€
2015,6,9688200.0,crise,PLF,Dépenses d’exploitation,Charges relatives au personnel - Personnel non médical,€
2015,7,19376400.0,crise,PLF,Dépenses d’exploitation,Charges relatives au personnel - Personnel non médical,€
2015,8,41982200.0,crise,PLF,Dépenses d’exploitation,Charges relatives au personnel - Personnel non médical,€
2015,9,19376400.0,crise,PLF,Dépenses d’exploitation,Charges relatives au personnel - Personnel non médical,€
2015,10,16147000.0,crise,PLF,Dépenses d’exploitation,Charges relatives au personnel - Personnel non médical,€
2015,11,22605800.0,crise,PLF,Dépenses d’exploitation,Charges relatives au personnel - Personnel non médical,€
2015,12,25835200.0,crise,PLF,Dépenses d’exploitation,Charges relatives au personnel - Personnel non médical,€
2015,1,3590000.0,normal,CFX,Dépenses d’exploitation,Charges relatives au personnel - Personnel non médical,€
2015,2,2872000.0,normal,CFX,Dépenses d’exploitation,Charges relatives au personnel - Personnel non médical,€
2015,3,2513000.0,normal,CFX,Dépenses d’exploitation,Charges relatives au personnel - Personnel non médical,€
2015,4,2154000.0,normal,CFX,Dépenses d’exploitation,Charges relatives au personnel - Personnel non médical,€
2015,5,1795000.0,normal,CFX,Dépenses d’exploitation,Charges relatives au personnel - Personnel non médical,€
2015,6,2872000.0,normal,CFX,Dépenses d’exploitation,Charges relatives au personnel - Personnel non médical,€
2015,7,2513000.0,normal,CFX,Dépenses d’exploitation,Charges relatives au personnel - Personnel non médical,€
2015,8,3231000.0,normal,CFX,Dépenses d’exploitation,Charges relatives au personnel - Personnel non médical,€
2015,9,2872000.0,normal,CFX,Dépenses d’exploitation,Charges relatives au personnel - Personnel non médical,€
2015,10,3231000.0,normal,CFX,Dépenses d’exploitation,Charges relatives au personnel - Personnel non médical,€
2015,11,3590000.0,normal,CFX,Dépenses d’exploitation,Charges relatives au personnel - Personnel non médical,€
2015,12,4667000.0,normal,CFX,Dépenses d’exploitation,Charges relatives au personnel - Personnel non médical,€
2015,1,2872000.0,crise,CFX,Dépenses d’exploitation,Charges relatives au personnel - Personnel non médical,€
2015,2,3231000.0,crise,CFX,Dépenses d’exploitation,Charges relatives au personnel - Personnel non médical,€
2015,3,5026000.0,crise,CFX,Dépenses d’exploitation,Charges relatives au personnel - Personnel non médical,€
2015,4,4667000.0,crise,CFX,Dépenses d’exploitation,Charges relatives au personnel - Personnel non médical,€
2015,5,2872000.0,crise,CFX,Dépenses d’exploitation,Charges relatives au personnel - Personnel non médical,€
2015,6,1077000.0,crise,CFX,Dépenses d’exploitation,Charges relatives au personnel - Personnel non médical,€
2015,7,2154000.0,crise,CFX,Dépenses d’exploitation,Charges relatives au personnel - Personnel non médical,€
2015,8,4667000.0,crise,CFX,Dépenses d’exploitation,Charges relatives au personnel - Personnel non médical,€
2015,9,2154000.0,crise,CFX,Dépenses d’exploitation,Charges relatives au personnel - Personnel non médical,€
2015,10,1795000.0,crise,CFX,Dépenses d’exploitation,Charges relatives au personnel - Personnel non médical,€
2015,11,2513000.0,crise,CFX,Dépenses d’exploitation,Charges relatives au personnel - Personnel non médical,€
2015,12,2872000.0,crise,CFX,Dépenses d’exploitation,Charges relatives au personnel - Personnel non médical,€
2016,1,32294000.0,normal,PLF,Dépenses d’exploitation,Charges relatives au personnel - Personnel non médical,€
2016,2,25835200.0,normal,PLF,Dépenses d’exploitation,Charges relatives au personnel - Personnel non médical,€
2016,3,22605800.0,normal,PLF,Dépenses d’exploitation,Charges relatives au personnel - Personnel non médical,€
2016,4,19376400.0,normal,PLF,Dépenses d’exploitation,Charges relatives au personnel - Personnel non médical,€
2016,5,16147000.0,normal,PLF,Dépenses d’exploitation,Charges relatives au personnel - Personnel non médical,€
2016,6,25835200.0,normal,PLF,Dépenses d’exploitation,Charges relatives au personnel - Personnel non médical,€
2016,7,22605800.0,normal,PLF,Dépenses d’exploitation,Charges relatives au personnel - Personnel non médical,€
2016,8,29064600.0,normal,PLF,Dépenses d’exploitation,Charges relatives au personnel - Personnel non médical,€
2016,9,25835200.0,normal,PLF,Dépenses d’exploitation,Charges relatives au personnel - Personnel non médical,€
2016,10,29064600.0,normal,PLF,Dépenses d’exploitation,Charges relatives au personnel - Personnel non médical,€
2016,11,32294000.0,normal,PLF,Dépenses d’exploitation,Charges relatives au personnel - Personnel non médical,€
2016,12,41982200.0,normal,PLF,Dépenses d’exploitation,Charges relatives au personnel - Personnel non médical,€
2016,1,25835200.0,crise,PLF,Dépenses d’exploitation,Charges relatives au personnel - Personnel non médical,€
2016,2,29064600.0,crise,PLF,Dépenses d’exploitation,Charges relatives au personnel - Personnel non médical,€
2016,3,45211600.0,crise,PLF,Dépenses d’exploitation,Charges relatives au personnel - Personnel non médical,€
2016,4,41982200.0,crise,PLF,Dépenses d’exploitation,Charges relatives au personnel - Personnel non médical,€
2016,5,25835200.0,crise,PLF,Dépenses d’exploitation,Charges relatives au personnel - Personnel non médical,€
2016,6,9688200.0,crise,PLF,Dépenses d’exploitation,Charges relatives au personnel - Personnel non médical,€
2016,7,19376400.0,crise,PLF,Dépenses d’exploitation,Charges relatives au personnel - Personnel non médical,€
2016,8,41982200.0,crise,PLF,Dépenses d’exploitation,Charges relatives au personnel - Personnel non médical,€
2016,9,19376400.0,crise,PLF,Dépenses d’exploitation,Charges relatives au personnel - Personnel non médical,€
2016,10,16147000.0,crise,PLF,Dépenses d’exploitation,Charges relatives au personnel - Personnel non médical,€
2016,11,22605800.0,crise,PLF,Dépenses d’exploitation,Charges relatives au personnel - Personnel non médical,€
2016,12,25835200.0,crise,PLF,Dépenses d’exploitation,Charges relatives au personnel - Personnel non médical,€
2016,1,3590000.0,normal,CFX,Dépenses d’exploitation,Charges relatives au personnel - Personnel non médical,€
2016,2,2872000.0,normal,CFX,Dépenses d’exploitation,Charges relatives au personnel - Personnel non médical,€
2016,3,2513000.0,normal,CFX,Dépenses d’exploitation,Charges relatives au personnel - Personnel non médical,€
2016,4,2154000.0,normal,CFX,Dépenses d’exploitation,Charges relatives au personnel - Personnel non médical,€
2016,5,1795000.0,normal,CFX,Dépenses d’exploitation,Charges relatives au personnel - Personnel non médical,€
2016,6,2872000.0,normal,CFX,Dépenses d’exploitation,Charges relatives au personnel - Personnel non médical,€
2016,7,2513000.0,normal,CFX,Dépenses d’exploitation,Charges relatives au personnel - Personnel non médical,€
2016,8,3231000.0,normal,CFX,Dépenses d’exploitation,Charges relatives au personnel - Personnel non médical,€
2016,9,2872000.0,normal,CFX,Dépenses d’exploitation,Charges relatives au personnel - Personnel non médical,€
2016,10,3231000.0,normal,CFX,Dépenses d’exploitation,Charges relatives au personnel - Personnel non médical,€
2016,11,3590000.0,normal,CFX,Dépenses d’exploitation,Charges relatives au personnel - Personnel non médical,€
2016,12,4667000.0,normal,CFX,Dépenses d’exploitation,Charges relatives au personnel - Personnel non médical,€
2016,1,2872000.0,crise,CFX,Dépenses d’exploitation,Charges relatives au personnel - Personnel non médical,€
2016,2,3231000.0,crise,CFX,Dépenses d’exploitation,Charges relatives au personnel - Personnel non médical,€
2016,3,5026000.0,crise,CFX,Dépenses d’exploitation,Charges relatives au personnel - Personnel non médical,€
2016,4,4667000.0,crise,CFX,Dépenses d’exploitation,Charges relatives au personnel - Personnel non médical,€
2016,5,2872000.0,crise,CFX,Dépenses d’exploitation,Charges relatives au personnel - Personnel non médical,€
2016,6,1077000.0,crise,CFX,Dépenses d’exploitation,Charges relatives au personnel - Personnel non médical,€
2016,7,2154000.0,crise,CFX,Dépenses d’exploitation,Charges relatives au personnel - Personnel non médical,€
2016,8,4667000.0,crise,CFX,Dépenses d’exploitation,Charges relatives au personnel - Personnel non médical,€
2016,9,2154000.0,crise,CFX,Dépenses d’exploitation,Charges relatives au personnel - Personnel non médical,€
2016,10,1795000.0,crise,CFX,Dépenses d’exploitation,Charges relatives au personnel - Personnel non médical,€
2016,11,2513000.0,crise,CFX,Dépenses d’exploitation,Charges relatives au personnel - Personnel non médical,€
2016,12,2872000.0,crise,CFX,Dépenses d’exploitation,Charges relatives au personnel - Personnel non médical,€
2011,1,8195257.2,normal,PLF,Dépenses d’exploitation,Charges à caractère hôtelier et général,€
2011,2,6556205.76,normal,PLF,Dépenses d’exploitation,Charges à caractère hôtelier et général,€
2011,3,5736680.04,normal,PLF,Dépenses d’exploitation,Charges à caractère hôtelier et général,€
2011,4,4917154.32,normal,PLF,Dépenses d’exploitation,Charges à caractère hôtelier et général,€
2011,5,4097628.6,normal,PLF,Dépenses d’exploitation,Charges à caractère hôtelier et général,€
2011,6,6556205.76,normal,PLF,Dépenses d’exploitation,Charges à caractère hôtelier et général,€
2011,7,5736680.04,normal,PLF,Dépenses d’exploitation,Charges à caractère hôtelier et général,€
2011,8,7375731.48,normal,PLF,Dépenses d’exploitation,Charges à caractère hôtelier et général,€
2011,9,6556205.76,normal,PLF,Dépenses d’exploitation,Charges à caractère hôtelier et général,€
2011,10,7375731.48,normal,PLF,Dépenses d’exploitation,Charges à caractère hôtelier et général,€
2011,11,8195257.2,normal,PLF,Dépenses d’exploitation,Charges à caractère hôtelier et général,€
2011,12,10653834.36,normal,PLF,Dépenses d’exploitation,Charges à caractère hôtelier et général,€
2011,1,6556205.76,crise,PLF,Dépenses d’exploitation,Charges à caractère hôtelier et général,€
2011,2,7375731.48,crise,PLF,Dépenses d’exploitation,Charges à caractère hôtelier et général,€
2011,3,11473360.08,crise,PLF,Dépenses d’exploitation,Charges à caractère hôtelier et général,€
2011,4,10653834.36,crise,PLF,Dépenses d’exploitation,Charges à caractère hôtelier et général,€
2011,5,6556205.76,crise,PLF,Dépenses d’exploitation,Charges à caractère hôtelier et général,€
2011,6,2458577.16,crise,PLF,Dépenses d’exploitation,Charges à caractère hôtelier et général,€
2011,7,4917154.32,crise,PLF,Dépenses d’exploitation,Charges à caractère hôtelier et général,€
2011,8,10653834.36,crise,PLF,Dépenses d’exploitation,Charges à caractère hôtelier et général,€
2011,9,4917154.32,crise,PLF,Dépenses d’exploitation,Charges à caractère hôtelier et général,€
2011,10,4097628.6,crise,PLF,Dépenses d’exploitation,Charges à caractère hôtelier et général,€
2011,11,5736680.04,crise,PLF,Dépenses d’exploitation,Charges à caractère hôtelier et général,€
2011,12,6556205.76,crise,PLF,Dépenses d’exploitation,Charges à caractère hôtelier et général,€
2011,1,1360311.6,normal,CFX,Dépenses d’exploitation,Charges à caractère hôtelier et général,€
2011,2,1088249.28,normal,CFX,Dépenses d’exploitation,Charges à caractère hôtelier et général,€
2011,3,952218.12,normal,CFX,Dépenses d’exploitation,Charges à caractère hôtelier et général,€
2011,4,816186.96,normal,CFX,Dépenses d’exploitation,Charges à caractère hôtelier et général,€
2011,5,680155.8,normal,CFX,Dépenses d’exploitation,Charges à caractère hôtelier et général,€
2011,6,1088249.28,normal,CFX,Dépenses d’exploitation,Charges à caractère hôtelier et général,€
2011,7,952218.12,normal,CFX,Dépenses d’exploitation,Charges à caractère hôtelier et général,€
2011,8,1224280.44,normal,CFX,Dépenses d’exploitation,Charges à caractère hôtelier et général,€
2011,9,1088249.28,normal,CFX,Dépenses d’exploitation,Charges à caractère hôtelier et général,€
2011,10,1224280.44,normal,CFX,Dépenses d’exploitation,Charges à caractère hôtelier et général,€
2011,11,1360311.6,normal,CFX,Dépenses d’exploitation,Charges à caractère hôtelier et général,€
2011,12,1768405.08,normal,CFX,Dépenses d’exploitation,Charges à caractère hôtelier et général,€
2011,1,1088249.28,crise,CFX,Dépenses d’exploitation,Charges à caractère hôtelier et général,€
2011,2,1224280.44,crise,CFX,Dépenses d’exploitation,Charges à caractère hôtelier et général,€
2011,3,1904436.24,crise,CFX,Dépenses d’exploitation,Charges à caractère hôtelier et général,€
2011,4,1768405.08,crise,CFX,Dépenses d’exploitation,Charges à caractère hôtelier et général,€
2011,5,1088249.28,crise,CFX,Dépenses d’exploitation,Charges à caractère hôtelier et général,€
2011,6,408093.48,crise,CFX,Dépenses d’exploitation,Charges à caractère hôtelier et général,€
2011,7,816186.96,crise,CFX,Dépenses d’exploitation,Charges à caractère hôtelier et général,€
2011,8,1768405.08,crise,CFX,Dépenses d’exploitation,Charges à caractère hôtelier et général,€
2011,9,816186.96,crise,CFX,Dépenses d’exploitation,Charges à caractère hôtelier et général,€
2011,10,680155.8,crise,CFX,Dépenses d’exploitation,Charges à caractère hôtelier et général,€
2011,11,952218.12,crise,CFX,Dépenses d’exploitation,Charges à caractère hôtelier et général,€
2011,12,1088249.28,crise,CFX,Dépenses d’exploitation,Charges à caractère hôtelier et général,€
2012,1,8195257.2,normal,PLF,Dépenses d’exploitation,Charges à caractère hôtelier et général,€
2012,2,6556205.76,normal,PLF,Dépenses d’exploitation,Charges à caractère hôtelier et général,€
2012,3,5736680.04,normal,PLF,Dépenses d’exploitation,Charges à caractère hôtelier et général,€
2012,4,4917154.32,normal,PLF,Dépenses d’exploitation,Charges à caractère hôtelier et général,€
2012,5,4097628.6,normal,PLF,Dépenses d’exploitation,Charges à caractère hôtelier et général,€
2012,6,6556205.76,normal,PLF,Dépenses d’exploitation,Charges à caractère hôtelier et général,€
2012,7,5736680.04,normal,PLF,Dépenses d’exploitation,Charges à caractère hôtelier et général,€
2012,8,7375731.48,normal,PLF,Dépenses d’exploitation,Charges à caractère hôtelier et général,€
2012,9,6556205.76,normal,PLF,Dépenses d’exploitation,Charges à caractère hôtelier et général,€
2012,10,7375731.48,normal,PLF,Dépenses d’exploitation,Charges à caractère hôtelier et général,€
2012,11,8195257.2,normal,PLF,Dépenses d’exploitation,Charges à caractère hôtelier et général,€
2012,12,10653834.36,normal,PLF,Dépenses d’exploitation,Charges à caractère hôtelier et général,€
2012,1,6556205.76,crise,PLF,Dépenses d’exploitation,Charges à caractère hôtelier et général,€
2012,2,7375731.48,crise,PLF,Dépenses d’exploitation,Charges à caractère hôtelier et général,€
2012,3,11473360.08,crise,PLF,Dépenses d’exploitation,Charges à caractère hôtelier et général,€
2012,4,10653834.36,crise,PLF,Dépenses d’exploitation,Charges à caractère hôtelier et général,€
2012,5,6556205.76,crise,PLF,Dépenses d’exploitation,Charges à caractère hôtelier et général,€
2012,6,2458577.16,crise,PLF,Dépenses d’exploitation,Charges à caractère hôtelier et général,€
2012,7,4917154.32,crise,PLF,Dépenses d’exploitation,Charges à caractère hôtelier et général,€
2012,8,10653834.36,crise,PLF,Dépenses d’exploitation,Charges à caractère hôtelier et général,€
2012,9,4917154.32,crise,PLF,Dépenses d’exploitation,Charges à caractère hôtelier et général,€
2012,10,4097628.6,crise,PLF,Dépenses d’exploitation,Charges à caractère hôtelier et général,€
2012,11,5736680.04,crise,PLF,Dépenses d’exploitation,Charges à caractère hôtelier et général,€
2012,12,6556205.76,crise,PLF,Dépenses d’exploitation,Charges à caractère hôtelier et général,€
2012,1,1360311.6,normal,CFX,Dépenses d’exploitation,Charges à caractère hôtelier et général,€
2012,2,1088249.28,normal,CFX,Dépenses d’exploitation,Charges à caractère hôtelier et général,€
2012,3,952218.12,normal,CFX,Dépenses d’exploitation,Charges à caractère hôtelier et général,€
2012,4,816186.96,normal,CFX,Dépenses d’exploitation,Charges à caractère hôtelier et général,€
2012,5,680155.8,normal,CFX,Dépenses d’exploitation,Charges à caractère hôtelier et général,€
2012,6,1088249.28,normal,CFX,Dépenses d’exploitation,Charges à caractère hôtelier et général,€
2012,7,952218.12,normal,CFX,Dépenses d’exploitation,Charges à caractère hôtelier et général,€
2012,8,1224280.44,normal,CFX,Dépenses d’exploitation,Charges à caractère hôtelier et général,€
2012,9,1088249.28,normal,CFX,Dépenses d’exploitation,Charges à caractère hôtelier et général,€
2012,10,1224280.44,normal,CFX,Dépenses d’exploitation,Charges à caractère hôtelier et général,€
2012,11,1360311.6,normal,CFX,Dépenses d’exploitation,Charges à caractère hôtelier et général,€
2012,12,1768405.08,normal,CFX,Dépenses d’exploitation,Charges à caractère hôtelier et général,€
2012,1,1088249.28,crise,CFX,Dépenses d’exploitation,Charges à caractère hôtelier et général,€
2012,2,1224280.44,crise,CFX,Dépenses d’exploitation,Charges à caractère hôtelier et général,€
2012,3,1904436.24,crise,CFX,Dépenses d’exploitation,Charges à caractère hôtelier et général,€
2012,4,1768405.08,crise,CFX,Dépenses d’exploitation,Charges à caractère hôtelier et général,€
2012,5,1088249.28,crise,CFX,Dépenses d’exploitation,Charges à caractère hôtelier et général,€
2012,6,408093.48,crise,CFX,Dépenses d’exploitation,Charges à caractère hôtelier et général,€
2012,7,816186.96,crise,CFX,Dépenses d’exploitation,Charges à caractère hôtelier et général,€
2012,8,1768405.08,crise,CFX,Dépenses d’exploitation,Charges à caractère hôtelier et général,€
2012,9,816186.96,crise,CFX,Dépenses d’exploitation,Charges à caractère hôtelier et général,€
2012,10,680155.8,crise,CFX,Dépenses d’exploitation,Charges à caractère hôtelier et général,€
2012,11,952218.12,crise,CFX,Dépenses d’exploitation,Charges à caractère hôtelier et général,€
2012,12,1088249.28,crise,CFX,Dépenses d’exploitation,Charges à caractère hôtelier et général,€
2013,1,8547838.13,normal,PLF,Dépenses d’exploitation,Charges à caractère hôtelier et général,€
2013,2,6838270.51,normal,PLF,Dépenses d’exploitation,Charges à caractère hôtelier et général,€
2013,3,5983486.69,normal,PLF,Dépenses d’exploitation,Charges à caractère hôtelier et général,€
2013,4,5128702.88,normal,PLF,Dépenses d’exploitation,Charges à caractère hôtelier et général,€
2013,5,4273919.07,normal,PLF,Dépenses d’exploitation,Charges à caractère hôtelier et général,€
2013,6,6838270.51,normal,PLF,Dépenses d’exploitation,Charges à caractère hôtelier et général,€
2013,7,5983486.69,normal,PLF,Dépenses d’exploitation,Charges à caractère hôtelier et général,€
2013,8,7693054.32,normal,PLF,Dépenses d’exploitation,Charges à caractère hôtelier et général,€
2013,9,6838270.51,normal,PLF,Dépenses d’exploitation,Charges à caractère hôtelier et général,€
2013,10,7693054.32,normal,PLF,Dépenses d’exploitation,Charges à caractère hôtelier et général,€
2013,11,8547838.13,normal,PLF,Dépenses d’exploitation,Charges à caractère hôtelier et général,€
2013,12,11112189.57,normal,PLF,Dépenses d’exploitation,Charges à caractère hôtelier et général,€
2013,1,6838270.51,crise,PLF,Dépenses d’exploitation,Charges à caractère hôtelier et général,€
2013,2,7693054.32,crise,PLF,Dépenses d’exploitation,Charges à caractère hôtelier et général,€
2013,3,11966973.39,crise,PLF,Dépenses d’exploitation,Charges à caractère hôtelier et général,€
2013,4,11112189.57,crise,PLF,Dépenses d’exploitation,Charges à caractère hôtelier et général,€
2013,5,6838270.51,crise,PLF,Dépenses d’exploitation,Charges à caractère hôtelier et général,€
2013,6,2564351.44,crise,PLF,Dépenses d’exploitation,Charges à caractère hôtelier et général,€
2013,7,5128702.88,crise,PLF,Dépenses d’exploitation,Charges à caractère hôtelier et général,€
2013,8,11112189.57,crise,PLF,Dépenses d’exploitation,Charges à caractère hôtelier et général,€
2013,9,5128702.88,crise,PLF,Dépenses d’exploitation,Charges à caractère hôtelier et général,€
2013,10,4273919.07,crise,PLF,Dépenses d’exploitation,Charges à caractère hôtelier et général,€
2013,11,5983486.69,crise,PLF,Dépenses d’exploitation,Charges à caractère hôtelier et général,€
2013,12,6838270.51,crise,PLF,Dépenses d’exploitation,Charges à caractère hôtelier et général,€
2013,1,1367541.07,normal,CFX,Dépenses d’exploitation,Charges à caractère hôtelier et général,€
2013,2,1094032.85,normal,CFX,Dépenses d’exploitation,Charges à caractère hôtelier et général,€
2013,3,957278.75,normal,CFX,Dépenses d’exploitation,Charges à caractère hôtelier et général,€
2013,4,820524.64,normal,CFX,Dépenses d’exploitation,Charges à caractère hôtelier et général,€
2013,5,683770.53,normal,CFX,Dépenses d’exploitation,Charges à caractère hôtelier et général,€
2013,6,1094032.85,normal,CFX,Dépenses d’exploitation,Charges à caractère hôtelier et général,€
2013,7,957278.75,normal,CFX,Dépenses d’exploitation,Charges à caractère hôtelier et général,€
2013,8,1230786.96,normal,CFX,Dépenses d’exploitation,Charges à caractère hôtelier et général,€
2013,9,1094032.85,normal,CFX,Dépenses d’exploitation,Charges à caractère hôtelier et général,€
2013,10,1230786.96,normal,CFX,Dépenses d’exploitation,Charges à caractère hôtelier et général,€
2013,11,1367541.07,normal,CFX,Dépenses d’exploitation,Charges à caractère hôtelier et général,€
2013,12,1777803.39,normal,CFX,Dépenses d’exploitation,Charges à caractère hôtelier et général,€
2013,1,1094032.85,crise,CFX,Dépenses d’exploitation,Charges à caractère hôtelier et général,€
2013,2,1230786.96,crise,CFX,Dépenses d’exploitation,Charges à caractère hôtelier et général,€
2013,3,1914557.49,crise,CFX,Dépenses d’exploitation,Charges à caractère hôtelier et général,€
2013,4,1777803.39,crise,CFX,Dépenses d’exploitation,Charges à caractère hôtelier et général,€
2013,5,1094032.85,crise,CFX,Dépenses d’exploitation,Charges à caractère hôtelier et général,€
2013,6,410262.32,crise,CFX,Dépenses d’exploitation,Charges à caractère hôtelier et général,€
2013,7,820524.64,crise,CFX,Dépenses d’exploitation,Charges à caractère hôtelier et général,€
2013,8,1777803.39,crise,CFX,Dépenses d’exploitation,Charges à caractère hôtelier et général,€
2013,9,820524.64,crise,CFX,Dépenses d’exploitation,Charges à caractère hôtelier et général,€
2013,10,683770.53,crise,CFX,Dépenses d’exploitation,Charges à caractère hôtelier et général,€
2013,11,957278.75,crise,CFX,Dépenses d’exploitation,Charges à caractère hôtelier et général,€
2013,12,1094032.85,crise,CFX,Dépenses d’exploitation,Charges à caractère hôtelier et général,€
2014,1,8900419.07,normal,PLF,Dépenses d’exploitation,Charges à caractère hôtelier et général,€
2014,2,7120335.25,normal,PLF,Dépenses d’exploitation,Charges à caractère hôtelier et général,€
2014,3,6230293.35,normal,PLF,Dépenses d’exploitation,Charges à caractère hôtelier et général,€
2014,4,5340251.44,normal,PLF,Dépenses d’exploitation,Charges à caractère hôtelier et général,€
2014,5,4450209.53,normal,PLF,Dépenses d’exploitation,Charges à caractère hôtelier et général,€
2014,6,7120335.25,normal,PLF,Dépenses d’exploitation,Charges à caractère hôtelier et général,€
2014,7,6230293.35,normal,PLF,Dépenses d’exploitation,Charges à caractère hôtelier et général,€
2014,8,8010377.16,normal,PLF,Dépenses d’exploitation,Charges à caractère hôtelier et général,€
2014,9,7120335.25,normal,PLF,Dépenses d’exploitation,Charges à caractère hôtelier et général,€
2014,10,8010377.16,normal,PLF,Dépenses d’exploitation,Charges à caractère hôtelier et général,€
2014,11,8900419.07,normal,PLF,Dépenses d’exploitation,Charges à caractère hôtelier et général,€
2014,12,11570544.79,normal,PLF,Dépenses d’exploitation,Charges à caractère hôtelier et général,€
2014,1,7120335.25,crise,PLF,Dépenses d’exploitation,Charges à caractère hôtelier et général,€
2014,2,8010377.16,crise,PLF,Dépenses d’exploitation,Charges à caractère hôtelier et général,€
2014,3,12460586.69,crise,PLF,Dépenses d’exploitation,Charges à caractère hôtelier et général,€
2014,4,11570544.79,crise,PLF,Dépenses d’exploitation,Charges à caractère hôtelier et général,€
2014,5,7120335.25,crise,PLF,Dépenses d’exploitation,Charges à caractère hôtelier et général,€
2014,6,2670125.72,crise,PLF,Dépenses d’exploitation,Charges à caractère hôtelier et général,€
2014,7,5340251.44,crise,PLF,Dépenses d’exploitation,Charges à caractère hôtelier et général,€
2014,8,11570544.79,crise,PLF,Dépenses d’exploitation,Charges à caractère hôtelier et général,€
2014,9,5340251.44,crise,PLF,Dépenses d’exploitation,Charges à caractère hôtelier et général,€
2014,10,4450209.53,crise,PLF,Dépenses d’exploitation,Charges à caractère hôtelier et général,€
2014,11,6230293.35,crise,PLF,Dépenses d’exploitation,Charges à caractère hôtelier et général,€
2014,12,7120335.25,crise,PLF,Dépenses d’exploitation,Charges à caractère hôtelier et général,€
2014,1,1374770.53,normal,CFX,Dépenses d’exploitation,Charges à caractère hôtelier et général,€
2014,2,1099816.43,normal,CFX,Dépenses d’exploitation,Charges à caractère hôtelier et général,€
2014,3,962339.37,normal,CFX,Dépenses d’exploitation,Charges à caractère hôtelier et général,€
2014,4,824862.32,normal,CFX,Dépenses d’exploitation,Charges à caractère hôtelier et général,€
2014,5,687385.27,normal,CFX,Dépenses d’exploitation,Charges à caractère hôtelier et général,€
2014,6,1099816.43,normal,CFX,Dépenses d’exploitation,Charges à caractère hôtelier et général,€
2014,7,962339.37,normal,CFX,Dépenses d’exploitation,Charges à caractère hôtelier et général,€
2014,8,1237293.48,normal,CFX,Dépenses d’exploitation,Charges à caractère hôtelier et général,€
2014,9,1099816.43,normal,CFX,Dépenses d’exploitation,Charges à caractère hôtelier et général,€
2014,10,1237293.48,normal,CFX,Dépenses d’exploitation,Charges à caractère hôtelier et général,€
2014,11,1374770.53,normal,CFX,Dépenses d’exploitation,Charges à caractère hôtelier et général,€
2014,12,1787201.69,normal,CFX,Dépenses d’exploitation,Charges à caractère hôtelier et général,€
2014,1,1099816.43,crise,CFX,Dépenses d’exploitation,Charges à caractère hôtelier et général,€
2014,2,1237293.48,crise,CFX,Dépenses d’exploitation,Charges à caractère hôtelier et général,€
2014,3,1924678.75,crise,CFX,Dépenses d’exploitation,Charges à caractère hôtelier et général,€
2014,4,1787201.69,crise,CFX,Dépenses d’exploitation,Charges à caractère hôtelier et général,€
2014,5,1099816.43,crise,CFX,Dépenses d’exploitation,Charges à caractère hôtelier et général,€
2014,6,412431.16,crise,CFX,Dépenses d’exploitation,Charges à caractère hôtelier et général,€
2014,7,824862.32,crise,CFX,Dépenses d’exploitation,Charges à caractère hôtelier et général,€
2014,8,1787201.69,crise,CFX,Dépenses d’exploitation,Charges à caractère hôtelier et général,€
2014,9,824862.32,crise,CFX,Dépenses d’exploitation,Charges à caractère hôtelier et général,€
2014,10,687385.27,crise,CFX,Dépenses d’exploitation,Charges à caractère hôtelier et général,€
2014,11,962339.37,crise,CFX,Dépenses d’exploitation,Charges à caractère hôtelier et général,€
2014,12,1099816.43,crise,CFX,Dépenses d’exploitation,Charges à caractère hôtelier et général,€
2015,1,9253000.0,normal,PLF,Dépenses d’exploitation,Charges à caractère hôtelier et général,€
2015,2,7402400.0,normal,PLF,Dépenses d’exploitation,Charges à caractère hôtelier et général,€
2015,3,6477100.0,normal,PLF,Dépenses d’exploitation,Charges à caractère hôtelier et général,€
2015,4,5551800.0,normal,PLF,Dépenses d’exploitation,Charges à caractère hôtelier et général,€
2015,5,4626500.0,normal,PLF,Dépenses d’exploitation,Charges à caractère hôtelier et général,€
2015,6,7402400.0,normal,PLF,Dépenses d’exploitation,Charges à caractère hôtelier et général,€
2015,7,6477100.0,normal,PLF,Dépenses d’exploitation,Charges à caractère hôtelier et général,€
2015,8,8327700.0,normal,PLF,Dépenses d’exploitation,Charges à caractère hôtelier et général,€
2015,9,7402400.0,normal,PLF,Dépenses d’exploitation,Charges à caractère hôtelier et général,€
2015,10,8327700.0,normal,PLF,Dépenses d’exploitation,Charges à caractère hôtelier et général,€
2015,11,9253000.0,normal,PLF,Dépenses d’exploitation,Charges à caractère hôtelier et général,€
2015,12,12028900.0,normal,PLF,Dépenses d’exploitation,Charges à caractère hôtelier et général,€
2015,1,7402400.0,crise,PLF,Dépenses d’exploitation,Charges à caractère hôtelier et général,€
2015,2,8327700.0,crise,PLF,Dépenses d’exploitation,Charges à caractère hôtelier et général,€
2015,3,12954200.0,crise,PLF,Dépenses d’exploitation,Charges à caractère hôtelier et général,€
2015,4,12028900.0,crise,PLF,Dépenses d’exploitation,Charges à caractère hôtelier et général,€
2015,5,7402400.0,crise,PLF,Dépenses d’exploitation,Charges à caractère hôtelier et général,€
2015,6,2775900.0,crise,PLF,Dépenses d’exploitation,Charges à caractère hôtelier et général,€
2015,7,5551800.0,crise,PLF,Dépenses d’exploitation,Charges à caractère hôtelier et général,€
2015,8,12028900.0,crise,PLF,Dépenses d’exploitation,Charges à caractère hôtelier et général,€
2015,9,5551800.0,crise,PLF,Dépenses d’exploitation,Charges à caractère hôtelier et général,€
2015,10,4626500.0,crise,PLF,Dépenses d’exploitation,Charges à caractère hôtelier et général,€
2015,11,6477100.0,crise,PLF,Dépenses d’exploitation,Charges à caractère hôtelier et général,€
2015,12,7402400.0,crise,PLF,Dépenses d’exploitation,Charges à caractère hôtelier et général,€
2015,1,1382000.0,normal,CFX,Dépenses d’exploitation,Charges à caractère hôtelier et général,€
2015,2,1105600.0,normal,CFX,Dépenses d’exploitation,Charges à caractère hôtelier et général,€
2015,3,967400.0,normal,CFX,Dépenses d’exploitation,Charges à caractère hôtelier et général,€
2015,4,829200.0,normal,CFX,Dépenses d’exploitation,Charges à caractère hôtelier et général,€
2015,5,691000.0,normal,CFX,Dépenses d’exploitation,Charges à caractère hôtelier et général,€
2015,6,1105600.0,normal,CFX,Dépenses d’exploitation,Charges à caractère hôtelier et général,€
2015,7,967400.0,normal,CFX,Dépenses d’exploitation,Charges à caractère hôtelier et général,€
2015,8,1243800.0,normal,CFX,Dépenses d’exploitation,Charges à caractère hôtelier et général,€
2015,9,1105600.0,normal,CFX,Dépenses d’exploitation,Charges à caractère hôtelier et général,€
2015,10,1243800.0,normal,CFX,Dépenses d’exploitation,Charges à caractère hôtelier et général,€
2015,11,1382000.0,normal,CFX,Dépenses d’exploitation,Charges à caractère hôtelier et général,€
2015,12,1796600.0,normal,CFX,Dépenses d’exploitation,Charges à caractère hôtelier et général,€
2015,1,1105600.0,crise,CFX,Dépenses d’exploitation,Charges à caractère hôtelier et général,€
2015,2,1243800.0,crise,CFX,Dépenses d’exploitation,Charges à caractère hôtelier et général,€
2015,3,1934800.0,crise,CFX,Dépenses d’exploitation,Charges à caractère hôtelier et général,€
2015,4,1796600.0,crise,CFX,Dépenses d’exploitation,Charges à caractère hôtelier et général,€
2015,5,1105600.0,crise,CFX,Dépenses d’exploitation,Charges à caractère hôtelier et général,€
2015,6,414600.0,crise,CFX,Dépenses d’exploitation,Charges à caractère hôtelier et général,€
2015,7,829200.0,crise,CFX,Dépenses d’exploitation,Charges à caractère hôtelier et général,€
2015,8,1796600.0,crise,CFX,Dépenses d’exploitation,Charges à caractère hôtelier et général,€
2015,9,829200.0,crise,CFX,Dépenses d’exploitation,Charges à caractère hôtelier et général,€
2015,10,691000.0,crise,CFX,Dépenses d’exploitation,Charges à caractère hôtelier et général,€
2015,11,967400.0,crise,CFX,Dépenses d’exploitation,Charges à caractère hôtelier et général,€
2015,12,1105600.0,crise,CFX,Dépenses d’exploitation,Charges à caractère hôtelier et général,€
2016,1,9253000.0,normal,PLF,Dépenses d’exploitation,Charges à caractère hôtelier et général,€
2016,2,7402400.0,normal,PLF,Dépenses d’exploitation,Charges à caractère hôtelier et général,€
2016,3,6477100.0,normal,PLF,Dépenses d’exploitation,Charges à caractère hôtelier et général,€
2016,4,5551800.0,normal,PLF,Dépenses d’exploitation,Charges à caractère hôtelier et général,€
2016,5,4626500.0,normal,PLF,Dépenses d’exploitation,Charges à caractère hôtelier et général,€
2016,6,7402400.0,normal,PLF,Dépenses d’exploitation,Charges à caractère hôtelier et général,€
2016,7,6477100.0,normal,PLF,Dépenses d’exploitation,Charges à caractère hôtelier et général,€
2016,8,8327700.0,normal,PLF,Dépenses d’exploitation,Charges à caractère hôtelier et général,€
2016,9,7402400.0,normal,PLF,Dépenses d’exploitation,Charges à caractère hôtelier et général,€
2016,10,8327700.0,normal,PLF,Dépenses d’exploitation,Charges à caractère hôtelier et général,€
2016,11,9253000.0,normal,PLF,Dépenses d’exploitation,Charges à caractère hôtelier et général,€
2016,12,12028900.0,normal,PLF,Dépenses d’exploitation,Charges à caractère hôtelier et général,€
2016,1,7402400.0,crise,PLF,Dépenses d’exploitation,Charges à caractère hôtelier et général,€
2016,2,8327700.0,crise,PLF,Dépenses d’exploitation,Charges à caractère hôtelier et général,€
2016,3,12954200.0,crise,PLF,Dépenses d’exploitation,Charges à caractère hôtelier et général,€
2016,4,12028900.0,crise,PLF,Dépenses d’exploitation,Charges à caractère hôtelier et général,€
2016,5,7402400.0,crise,PLF,Dépenses d’exploitation,Charges à caractère hôtelier et général,€
2016,6,2775900.0,crise,PLF,Dépenses d’exploitation,Charges à caractère hôtelier et général,€
2016,7,5551800.0,crise,PLF,Dépenses d’exploitation,Charges à caractère hôtelier et général,€
2016,8,12028900.0,crise,PLF,Dépenses d’exploitation,Charges à caractère hôtelier et général,€
2016,9,5551800.0,crise,PLF,Dépenses d’exploitation,Charges à caractère hôtelier et général,€
2016,10,4626500.0,crise,PLF,Dépenses d’exploitation,Charges à caractère hôtelier et général,€
2016,11,6477100.0,crise,PLF,Dépenses d’exploitation,Charges à caractère hôtelier et général,€
2016,12,7402400.0,crise,PLF,Dépenses d’exploitation,Charges à caractère hôtelier et général,€
2016,1,1382000.0,normal,CFX,Dépenses d’exploitation,Charges à caractère hôtelier et général,€
2016,2,1105600.0,normal,CFX,Dépenses d’exploitation,Charges à caractère hôtelier et général,€
2016,3,967400.0,normal,CFX,Dépenses d’exploitation,Charges à caractère hôtelier et général,€
2016,4,829200.0,normal,CFX,Dépenses d’exploitation,Charges à caractère hôtelier et général,€
2016,5,691000.0,normal,CFX,Dépenses d’exploitation,Charges à caractère hôtelier et général,€
2016,6,1105600.0,normal,CFX,Dépenses d’exploitation,Charges à caractère hôtelier et général,€
2016,7,967400.0,normal,CFX,Dépenses d’exploitation,Charges à caractère hôtelier et général,€
2016,8,1243800.0,normal,CFX,Dépenses d’exploitation,Charges à caractère hôtelier et général,€
2016,9,1105600.0,normal,CFX,Dépenses d’exploitation,Charges à caractère hôtelier et général,€
2016,10,1243800.0,normal,CFX,Dépenses d’exploitation,Charges à caractère hôtelier et général,€
2016,11,1382000.0,normal,CFX,Dépenses d’exploitation,Charges à caractère hôtelier et général,€
2016,12,1796600.0,normal,CFX,Dépenses d’exploitation,Charges à caractère hôtelier et général,€
2016,1,1105600.0,crise,CFX,Dépenses d’exploitation,Charges à caractère hôtelier et général,€
2016,2,1243800.0,crise,CFX,Dépenses d’exploitation,Charges à caractère hôtelier et général,€
2016,3,1934800.0,crise,CFX,Dépenses d’exploitation,Charges à caractère hôtelier et général,€
2016,4,1796600.0,crise,CFX,Dépenses d’exploitation,Charges à caractère hôtelier et général,€
2016,5,1105600.0,crise,CFX,Dépenses d’exploitation,Charges à caractère hôtelier et général,€
2016,6,414600.0,crise,CFX,Dépenses d’exploitation,Charges à caractère hôtelier et général,€
2016,7,829200.0,crise,CFX,Dépenses d’exploitation,Charges à caractère hôtelier et général,€
2016,8,1796600.0,crise,CFX,Dépenses d’exploitation,Charges à caractère hôtelier et général,€
2016,9,829200.0,crise,CFX,Dépenses d’exploitation,Charges à caractère hôtelier et général,€
2016,10,691000.0,crise,CFX,Dépenses d’exploitation,Charges à caractère hôtelier et général,€
2016,11,967400.0,crise,CFX,Dépenses d’exploitation,Charges à caractère hôtelier et général,€
2016,12,1105600.0,crise,CFX,Dépenses d’exploitation,Charges à caractère hôtelier et général,€
2011,1,16647785.9,normal,PLF,Dépenses d’exploitation,Charges à caractère médical,€
2011,2,13318228.72,normal,PLF,Dépenses d’exploitation,Charges à caractère médical,€
2011,3,11653450.13,normal,PLF,Dépenses d’exploitation,Charges à caractère médical,€
2011,4,9988671.54,normal,PLF,Dépenses d’exploitation,Charges à caractère médical,€
2011,5,8323892.95,normal,PLF,Dépenses d’exploitation,Charges à caractère médical,€
2011,6,13318228.72,normal,PLF,Dépenses d’exploitation,Charges à caractère médical,€
2011,7,11653450.13,normal,PLF,Dépenses d’exploitation,Charges à caractère médical,€
2011,8,14983007.31,normal,PLF,Dépenses d’exploitation,Charges à caractère médical,€
2011,9,13318228.72,normal,PLF,Dépenses d’exploitation,Charges à caractère médical,€
2011,10,14983007.31,normal,PLF,Dépenses d’exploitation,Charges à caractère médical,€
2011,11,16647785.9,normal,PLF,Dépenses d’exploitation,Charges à caractère médical,€
2011,12,21642121.67,normal,PLF,Dépenses d’exploitation,Charges à caractère médical,€
2011,1,13318228.72,crise,PLF,Dépenses d’exploitation,Charges à caractère médical,€
2011,2,14983007.31,crise,PLF,Dépenses d’exploitation,Charges à caractère médical,€
2011,3,23306900.26,crise,PLF,Dépenses d’exploitation,Charges à caractère médical,€
2011,4,21642121.67,crise,PLF,Dépenses d’exploitation,Charges à caractère médical,€
2011,5,13318228.72,crise,PLF,Dépenses d’exploitation,Charges à caractère médical,€
2011,6,4994335.77,crise,PLF,Dépenses d’exploitation,Charges à caractère médical,€
2011,7,9988671.54,crise,PLF,Dépenses d’exploitation,Charges à caractère médical,€
2011,8,21642121.67,crise,PLF,Dépenses d’exploitation,Charges à caractère médical,€
2011,9,9988671.54,crise,PLF,Dépenses d’exploitation,Charges à caractère médical,€
2011,10,8323892.95,crise,PLF,Dépenses d’exploitation,Charges à caractère médical,€
2011,11,11653450.13,crise,PLF,Dépenses d’exploitation,Charges à caractère médical,€
2011,12,13318228.72,crise,PLF,Dépenses d’exploitation,Charges à caractère médical,€
2011,1,633390.1,normal,CFX,Dépenses d’exploitation,Charges à caractère médical,€
2011,2,506712.08,normal,CFX,Dépenses d’exploitation,Charges à caractère médical,€
2011,3,443373.07,normal,CFX,Dépenses d’exploitation,Charges à caractère médical,€
2011,4,380034.06,normal,CFX,Dépenses d’exploitation,Charges à caractère médical,€
2011,5,316695.05,normal,CFX,Dépenses d’exploitation,Charges à caractère médical,€
2011,6,506712.08,normal,CFX,Dépenses d’exploitation,Charges à caractère médical,€
2011,7,443373.07,normal,CFX,Dépenses d’exploitation,Charges à caractère médical,€
2011,8,570051.09,normal,CFX,Dépenses d’exploitation,Charges à caractère médical,€
2011,9,506712.08,normal,CFX,Dépenses d’exploitation,Charges à caractère médical,€
2011,10,570051.09,normal,CFX,Dépenses d’exploitation,Charges à caractère médical,€
2011,11,633390.1,normal,CFX,Dépenses d’exploitation,Charges à caractère médical,€
2011,12,823407.13,normal,CFX,Dépenses d’exploitation,Charges à caractère médical,€
2011,1,506712.08,crise,CFX,Dépenses d’exploitation,Charges à caractère médical,€
2011,2,570051.09,crise,CFX,Dépenses d’exploitation,Charges à caractère médical,€
2011,3,886746.14,crise,CFX,Dépenses d’exploitation,Charges à caractère médical,€
2011,4,823407.13,crise,CFX,Dépenses d’exploitation,Charges à caractère médical,€
2011,5,506712.08,crise,CFX,Dépenses d’exploitation,Charges à caractère médical,€
2011,6,190017.03,crise,CFX,Dépenses d’exploitation,Charges à caractère médical,€
2011,7,380034.06,crise,CFX,Dépenses d’exploitation,Charges à caractère médical,€
2011,8,823407.13,crise,CFX,Dépenses d’exploitation,Charges à caractère médical,€
2011,9,380034.06,crise,CFX,Dépenses d’exploitation,Charges à caractère médical,€
2011,10,316695.05,crise,CFX,Dépenses d’exploitation,Charges à caractère médical,€
2011,11,443373.07,crise,CFX,Dépenses d’exploitation,Charges à caractère médical,€
2011,12,506712.08,crise,CFX,Dépenses d’exploitation,Charges à caractère médical,€
2012,1,16647785.9,normal,PLF,Dépenses d’exploitation,Charges à caractère médical,€
2012,2,13318228.72,normal,PLF,Dépenses d’exploitation,Charges à caractère médical,€
2012,3,11653450.13,normal,PLF,Dépenses d’exploitation,Charges à caractère médical,€
2012,4,9988671.54,normal,PLF,Dépenses d’exploitation,Charges à caractère médical,€
2012,5,8323892.95,normal,PLF,Dépenses d’exploitation,Charges à caractère médical,€
2012,6,13318228.72,normal,PLF,Dépenses d’exploitation,Charges à caractère médical,€
2012,7,11653450.13,normal,PLF,Dépenses d’exploitation,Charges à caractère médical,€
2012,8,14983007.31,normal,PLF,Dépenses d’exploitation,Charges à caractère médical,€
2012,9,13318228.72,normal,PLF,Dépenses d’exploitation,Charges à caractère médical,€
2012,10,14983007.31,normal,PLF,Dépenses d’exploitation,Charges à caractère médical,€
2012,11,16647785.9,normal,PLF,Dépenses d’exploitation,Charges à caractère médical,€
2012,12,21642121.67,normal,PLF,Dépenses d’exploitation,Charges à caractère médical,€
2012,1,13318228.72,crise,PLF,Dépenses d’exploitation,Charges à caractère médical,€
2012,2,14983007.31,crise,PLF,Dépenses d’exploitation,Charges à caractère médical,€
2012,3,23306900.26,crise,PLF,Dépenses d’exploitation,Charges à caractère médical,€
2012,4,21642121.67,crise,PLF,Dépenses d’exploitation,Charges à caractère médical,€
2012,5,13318228.72,crise,PLF,Dépenses d’exploitation,Charges à caractère médical,€
2012,6,4994335.77,crise,PLF,Dépenses d’exploitation,Charges à caractère médical,€
2012,7,9988671.54,crise,PLF,Dépenses d’exploitation,Charges à caractère médical,€
2012,8,21642121.67,crise,PLF,Dépenses d’exploitation,Charges à caractère médical,€
2012,9,9988671.54,crise,PLF,Dépenses d’exploitation,Charges à caractère médical,€
2012,10,8323892.95,crise,PLF,Dépenses d’exploitation,Charges à caractère médical,€
2012,11,11653450.13,crise,PLF,Dépenses d’exploitation,Charges à caractère médical,€
2012,12,13318228.72,crise,PLF,Dépenses d’exploitation,Charges à caractère médical,€
2012,1,633390.1,normal,CFX,Dépenses d’exploitation,Charges à caractère médical,€
2012,2,506712.08,normal,CFX,Dépenses d’exploitation,Charges à caractère médical,€
2012,3,443373.07,normal,CFX,Dépenses d’exploitation,Charges à caractère médical,€
2012,4,380034.06,normal,CFX,Dépenses d’exploitation,Charges à caractère médical,€
2012,5,316695.05,normal,CFX,Dépenses d’exploitation,Charges à caractère médical,€
2012,6,506712.08,normal,CFX,Dépenses d’exploitation,Charges à caractère médical,€
2012,7,443373.07,normal,CFX,Dépenses d’exploitation,Charges à caractère médical,€
2012,8,570051.09,normal,CFX,Dépenses d’exploitation,Charges à caractère médical,€
2012,9,506712.08,normal,CFX,Dépenses d’exploitation,Charges à caractère médical,€
2012,10,570051.09,normal,CFX,Dépenses d’exploitation,Charges à caractère médical,€
2012,11,633390.1,normal,CFX,Dépenses d’exploitation,Charges à caractère médical,€
2012,12,823407.13,normal,CFX,Dépenses d’exploitation,Charges à caractère médical,€
2012,1,506712.08,crise,CFX,Dépenses d’exploitation,Charges à caractère médical,€
2012,2,570051.09,crise,CFX,Dépenses d’exploitation,Charges à caractère médical,€
2012,3,886746.14,crise,CFX,Dépenses d’exploitation,Charges à caractère médical,€
2012,4,823407.13,crise,CFX,Dépenses d’exploitation,Charges à caractère médical,€
2012,5,506712.08,crise,CFX,Dépenses d’exploitation,Charges à caractère médical,€
2012,6,190017.03,crise,CFX,Dépenses d’exploitation,Charges à caractère médical,€
2012,7,380034.06,crise,CFX,Dépenses d’exploitation,Charges à caractère médical,€
2012,8,823407.13,crise,CFX,Dépenses d’exploitation,Charges à caractère médical,€
2012,9,380034.06,crise,CFX,Dépenses d’exploitation,Charges à caractère médical,€
2012,10,316695.05,crise,CFX,Dépenses d’exploitation,Charges à caractère médical,€
2012,11,443373.07,crise,CFX,Dépenses d’exploitation,Charges à caractère médical,€
2012,12,506712.08,crise,CFX,Dépenses d’exploitation,Charges à caractère médical,€
2013,1,11098531.63,normal,PLF,Dépenses d’exploitation,Charges à caractère médical,€
2013,2,8878825.3,normal,PLF,Dépenses d’exploitation,Charges à caractère médical,€
2013,3,7768972.14,normal,PLF,Dépenses d’exploitation,Charges à caractère médical,€
2013,4,6659118.98,normal,PLF,Dépenses d’exploitation,Charges à caractère médical,€
2013,5,5549265.81,normal,PLF,Dépenses d’exploitation,Charges à caractère médical,€
2013,6,8878825.3,normal,PLF,Dépenses d’exploitation,Charges à caractère médical,€
2013,7,7768972.14,normal,PLF,Dépenses d’exploitation,Charges à caractère médical,€
2013,8,9988678.46,normal,PLF,Dépenses d’exploitation,Charges à caractère médical,€
2013,9,8878825.3,normal,PLF,Dépenses d’exploitation,Charges à caractère médical,€
2013,10,9988678.46,normal,PLF,Dépenses d’exploitation,Charges à caractère médical,€
2013,11,11098531.63,normal,PLF,Dépenses d’exploitation,Charges à caractère médical,€
2013,12,14428091.12,normal,PLF,Dépenses d’exploitation,Charges à caractère médical,€
2013,1,8878825.3,crise,PLF,Dépenses d’exploitation,Charges à caractère médical,€
2013,2,9988678.46,crise,PLF,Dépenses d’exploitation,Charges à caractère médical,€
2013,3,15537944.28,crise,PLF,Dépenses d’exploitation,Charges à caractère médical,€
2013,4,14428091.12,crise,PLF,Dépenses d’exploitation,Charges à caractère médical,€
2013,5,8878825.3,crise,PLF,Dépenses d’exploitation,Charges à caractère médical,€
2013,6,3329559.49,crise,PLF,Dépenses d’exploitation,Charges à caractère médical,€
2013,7,6659118.98,crise,PLF,Dépenses d’exploitation,Charges à caractère médical,€
2013,8,14428091.12,crise,PLF,Dépenses d’exploitation,Charges à caractère médical,€
2013,9,6659118.98,crise,PLF,Dépenses d’exploitation,Charges à caractère médical,€
2013,10,5549265.81,crise,PLF,Dépenses d’exploitation,Charges à caractère médical,€
2013,11,7768972.14,crise,PLF,Dépenses d’exploitation,Charges à caractère médical,€
2013,12,8878825.3,crise,PLF,Dépenses d’exploitation,Charges à caractère médical,€
2013,1,689260.07,normal,CFX,Dépenses d’exploitation,Charges à caractère médical,€
2013,2,551408.05,normal,CFX,Dépenses d’exploitation,Charges à caractère médical,€
2013,3,482482.05,normal,CFX,Dépenses d’exploitation,Charges à caractère médical,€
2013,4,413556.04,normal,CFX,Dépenses d’exploitation,Charges à caractère médical,€
2013,5,344630.03,normal,CFX,Dépenses d’exploitation,Charges à caractère médical,€
2013,6,551408.05,normal,CFX,Dépenses d’exploitation,Charges à caractère médical,€
2013,7,482482.05,normal,CFX,Dépenses d’exploitation,Charges à caractère médical,€
2013,8,620334.06,normal,CFX,Dépenses d’exploitation,Charges à caractère médical,€
2013,9,551408.05,normal,CFX,Dépenses d’exploitation,Charges à caractère médical,€
2013,10,620334.06,normal,CFX,Dépenses d’exploitation,Charges à caractère médical,€
2013,11,689260.07,normal,CFX,Dépenses d’exploitation,Charges à caractère médical,€
2013,12,896038.09,normal,CFX,Dépenses d’exploitation,Charges à caractère médical,€
2013,1,551408.05,crise,CFX,Dépenses d’exploitation,Charges à caractère médical,€
2013,2,620334.06,crise,CFX,Dépenses d’exploitation,Charges à caractère médical,€
2013,3,964964.09,crise,CFX,Dépenses d’exploitation,Charges à caractère médical,€
2013,4,896038.09,crise,CFX,Dépenses d’exploitation,Charges à caractère médical,€
2013,5,551408.05,crise,CFX,Dépenses d’exploitation,Charges à caractère médical,€
2013,6,206778.02,crise,CFX,Dépenses d’exploitation,Charges à caractère médical,€
2013,7,413556.04,crise,CFX,Dépenses d’exploitation,Charges à caractère médical,€
2013,8,896038.09,crise,CFX,Dépenses d’exploitation,Charges à caractère médical,€
2013,9,413556.04,crise,CFX,Dépenses d’exploitation,Charges à caractère médical,€
2013,10,344630.03,crise,CFX,Dépenses d’exploitation,Charges à caractère médical,€
2013,11,482482.05,crise,CFX,Dépenses d’exploitation,Charges à caractère médical,€
2013,12,551408.05,crise,CFX,Dépenses d’exploitation,Charges à caractère médical,€
2014,1,5549277.36,normal,PLF,Dépenses d’exploitation,Charges à caractère médical,€
2014,2,4439421.88,normal,PLF,Dépenses d’exploitation,Charges à caractère médical,€
2014,3,3884494.15,normal,PLF,Dépenses d’exploitation,Charges à caractère médical,€
2014,4,3329566.41,normal,PLF,Dépenses d’exploitation,Charges à caractère médical,€
2014,5,2774638.68,normal,PLF,Dépenses d’exploitation,Charges à caractère médical,€
2014,6,4439421.88,normal,PLF,Dépenses d’exploitation,Charges à caractère médical,€
2014,7,3884494.15,normal,PLF,Dépenses d’exploitation,Charges à caractère médical,€
2014,8,4994349.62,normal,PLF,Dépenses d’exploitation,Charges à caractère médical,€
2014,9,4439421.88,normal,PLF,Dépenses d’exploitation,Charges à caractère médical,€
2014,10,4994349.62,normal,PLF,Dépenses d’exploitation,Charges à caractère médical,€
2014,11,5549277.36,normal,PLF,Dépenses d’exploitation,Charges à caractère médical,€
2014,12,7214060.56,normal,PLF,Dépenses d’exploitation,Charges à caractère médical,€
2014,1,4439421.88,crise,PLF,Dépenses d’exploitation,Charges à caractère médical,€
2014,2,4994349.62,crise,PLF,Dépenses d’exploitation,Charges à caractère médical,€
2014,3,7768988.3,crise,PLF,Dépenses d’exploitation,Charges à caractère médical,€
2014,4,7214060.56,crise,PLF,Dépenses d’exploitation,Charges à caractère médical,€
2014,5,4439421.88,crise,PLF,Dépenses d’exploitation,Charges à caractère médical,€
2014,6,1664783.21,crise,PLF,Dépenses d’exploitation,Charges à caractère médical,€
2014,7,3329566.41,crise,PLF,Dépenses d’exploitation,Charges à caractère médical,€
2014,8,7214060.56,crise,PLF,Dépenses d’exploitation,Charges à caractère médical,€
2014,9,3329566.41,crise,PLF,Dépenses d’exploitation,Charges à caractère médical,€
2014,10,2774638.68,crise,PLF,Dépenses d’exploitation,Charges à caractère médical,€
2014,11,3884494.15,crise,PLF,Dépenses d’exploitation,Charges à caractère médical,€
2014,12,4439421.88,crise,PLF,Dépenses d’exploitation,Charges à caractère médical,€
2014,1,745130.03,normal,CFX,Dépenses d’exploitation,Charges à caractère médical,€
2014,2,596104.03,normal,CFX,Dépenses d’exploitation,Charges à caractère médical,€
2014,3,521591.02,normal,CFX,Dépenses d’exploitation,Charges à caractère médical,€
2014,4,447078.02,normal,CFX,Dépenses d’exploitation,Charges à caractère médical,€
2014,5,372565.02,normal,CFX,Dépenses d’exploitation,Charges à caractère médical,€
2014,6,596104.03,normal,CFX,Dépenses d’exploitation,Charges à caractère médical,€
2014,7,521591.02,normal,CFX,Dépenses d’exploitation,Charges à caractère médical,€
2014,8,670617.03,normal,CFX,Dépenses d’exploitation,Charges à caractère médical,€
2014,9,596104.03,normal,CFX,Dépenses d’exploitation,Charges à caractère médical,€
2014,10,670617.03,normal,CFX,Dépenses d’exploitation,Charges à caractère médical,€
2014,11,745130.03,normal,CFX,Dépenses d’exploitation,Charges à caractère médical,€
2014,12,968669.04,normal,CFX,Dépenses d’exploitation,Charges à caractère médical,€
2014,1,596104.03,crise,CFX,Dépenses d’exploitation,Charges à caractère médical,€
2014,2,670617.03,crise,CFX,Dépenses d’exploitation,Charges à caractère médical,€
2014,3,1043182.05,crise,CFX,Dépenses d’exploitation,Charges à caractère médical,€
2014,4,968669.04,crise,CFX,Dépenses d’exploitation,Charges à caractère médical,€
2014,5,596104.03,crise,CFX,Dépenses d’exploitation,Charges à caractère médical,€
2014,6,223539.01,crise,CFX,Dépenses d’exploitation,Charges à caractère médical,€
2014,7,447078.02,crise,CFX,Dépenses d’exploitation,Charges à caractère médical,€
2014,8,968669.04,crise,CFX,Dépenses d’exploitation,Charges à caractère médical,€
2014,9,447078.02,crise,CFX,Dépenses d’exploitation,Charges à caractère médical,€
2014,10,372565.02,crise,CFX,Dépenses d’exploitation,Charges à caractère médical,€
2014,11,521591.02,crise,CFX,Dépenses d’exploitation,Charges à caractère médical,€
2014,12,596104.03,crise,CFX,Dépenses d’exploitation,Charges à caractère médical,€
2015,1,23.08,normal,PLF,Dépenses d’exploitation,Charges à caractère médical,€
2015,2,18.47,normal,PLF,Dépenses d’exploitation,Charges à caractère médical,€
2015,3,16.16,normal,PLF,Dépenses d’exploitation,Charges à caractère médical,€
2015,4,13.85,normal,PLF,Dépenses d’exploitation,Charges à caractère médical,€
2015,5,11.54,normal,PLF,Dépenses d’exploitation,Charges à caractère médical,€
2015,6,18.47,normal,PLF,Dépenses d’exploitation,Charges à caractère médical,€
2015,7,16.16,normal,PLF,Dépenses d’exploitation,Charges à caractère médical,€
2015,8,20.77,normal,PLF,Dépenses d’exploitation,Charges à caractère médical,€
2015,9,18.47,normal,PLF,Dépenses d’exploitation,Charges à caractère médical,€
2015,10,20.77,normal,PLF,Dépenses d’exploitation,Charges à caractère médical,€
2015,11,23.08,normal,PLF,Dépenses d’exploitation,Charges à caractère médical,€
2015,12,30.01,normal,PLF,Dépenses d’exploitation,Charges à caractère médical,€
2015,1,18.47,crise,PLF,Dépenses d’exploitation,Charges à caractère médical,€
2015,2,20.77,crise,PLF,Dépenses d’exploitation,Charges à caractère médical,€
2015,3,32.31,crise,PLF,Dépenses d’exploitation,Charges à caractère médical,€
2015,4,30.01,crise,PLF,Dépenses d’exploitation,Charges à caractère médical,€
2015,5,18.47,crise,PLF,Dépenses d’exploitation,Charges à caractère médical,€
2015,6,6.92,crise,PLF,Dépenses d’exploitation,Charges à caractère médical,€
2015,7,13.85,crise,PLF,Dépenses d’exploitation,Charges à caractère médical,€
2015,8,30.01,crise,PLF,Dépenses d’exploitation,Charges à caractère médical,€
2015,9,13.85,crise,PLF,Dépenses d’exploitation,Charges à caractère médical,€
2015,10,11.54,crise,PLF,Dépenses d’exploitation,Charges à caractère médical,€
2015,11,16.16,crise,PLF,Dépenses d’exploitation,Charges à caractère médical,€
2015,12,18.47,crise,PLF,Dépenses d’exploitation,Charges à caractère médical,€
2015,1,801000.0,normal,CFX,Dépenses d’exploitation,Charges à caractère médical,€
2015,2,640800.0,normal,CFX,Dépenses d’exploitation,Charges à caractère médical,€
2015,3,560700.0,normal,CFX,Dépenses d’exploitation,Charges à caractère médical,€
2015,4,480600.0,normal,CFX,Dépenses d’exploitation,Charges à caractère médical,€
2015,5,400500.0,normal,CFX,Dépenses d’exploitation,Charges à caractère médical,€
2015,6,640800.0,normal,CFX,Dépenses d’exploitation,Charges à caractère médical,€
2015,7,560700.0,normal,CFX,Dépenses d’exploitation,Charges à caractère médical,€
2015,8,720900.0,normal,CFX,Dépenses d’exploitation,Charges à caractère médical,€
2015,9,640800.0,normal,CFX,Dépenses d’exploitation,Charges à caractère médical,€
2015,10,720900.0,normal,CFX,Dépenses d’exploitation,Charges à caractère médical,€
2015,11,801000.0,normal,CFX,Dépenses d’exploitation,Charges à caractère médical,€
2015,12,1041300.0,normal,CFX,Dépenses d’exploitation,Charges à caractère médical,€
2015,1,640800.0,crise,CFX,Dépenses d’exploitation,Charges à caractère médical,€
2015,2,720900.0,crise,CFX,Dépenses d’exploitation,Charges à caractère médical,€
2015,3,1121400.0,crise,CFX,Dépenses d’exploitation,Charges à caractère médical,€
2015,4,1041300.0,crise,CFX,Dépenses d’exploitation,Charges à caractère médical,€
2015,5,640800.0,crise,CFX,Dépenses d’exploitation,Charges à caractère médical,€
2015,6,240300.0,crise,CFX,Dépenses d’exploitation,Charges à caractère médical,€
2015,7,480600.0,crise,CFX,Dépenses d’exploitation,Charges à caractère médical,€
2015,8,1041300.0,crise,CFX,Dépenses d’exploitation,Charges à caractère médical,€
2015,9,480600.0,crise,CFX,Dépenses d’exploitation,Charges à caractère médical,€
2015,10,400500.0,crise,CFX,Dépenses d’exploitation,Charges à caractère médical,€
2015,11,560700.0,crise,CFX,Dépenses d’exploitation,Charges à caractère médical,€
2015,12,640800.0,crise,CFX,Dépenses d’exploitation,Charges à caractère médical,€
2016,1,23.08,normal,PLF,Dépenses d’exploitation,Charges à caractère médical,€
2016,2,18.47,normal,PLF,Dépenses d’exploitation,Charges à caractère médical,€
2016,3,16.16,normal,PLF,Dépenses d’exploitation,Charges à caractère médical,€
2016,4,13.85,normal,PLF,Dépenses d’exploitation,Charges à caractère médical,€
2016,5,11.54,normal,PLF,Dépenses d’exploitation,Charges à caractère médical,€
2016,6,18.47,normal,PLF,Dépenses d’exploitation,Charges à caractère médical,€
2016,7,16.16,normal,PLF,Dépenses d’exploitation,Charges à caractère médical,€
2016,8,20.77,normal,PLF,Dépenses d’exploitation,Charges à caractère médical,€
2016,9,18.47,normal,PLF,Dépenses d’exploitation,Charges à caractère médical,€
2016,10,20.77,normal,PLF,Dépenses d’exploitation,Charges à caractère médical,€
2016,11,23.08,normal,PLF,Dépenses d’exploitation,Charges à caractère médical,€
2016,12,30.01,normal,PLF,Dépenses d’exploitation,Charges à caractère médical,€
2016,1,18.47,crise,PLF,Dépenses d’exploitation,Charges à caractère médical,€
2016,2,20.77,crise,PLF,Dépenses d’exploitation,Charges à caractère médical,€
2016,3,32.31,crise,PLF,Dépenses d’exploitation,Charges à caractère médical,€
2016,4,30.01,crise,PLF,Dépenses d’exploitation,Charges à caractère médical,€
2016,5,18.47,crise,PLF,Dépenses d’exploitation,Charges à caractère médical,€
2016,6,6.92,crise,PLF,Dépenses d’exploitation,Charges à caractère médical,€
2016,7,13.85,crise,PLF,Dépenses d’exploitation,Charges à caractère médical,€
2016,8,30.01,crise,PLF,Dépenses d’exploitation,Charges à caractère médical,€
2016,9,13.85,crise,PLF,Dépenses d’exploitation,Charges à caractère médical,€
2016,10,11.54,crise,PLF,Dépenses d’exploitation,Charges à caractère médical,€
2016,11,16.16,crise,PLF,Dépenses d’exploitation,Charges à caractère médical,€
2016,12,18.47,crise,PLF,Dépenses d’exploitation,Charges à caractère médical,€
2016,1,801000.0,normal,CFX,Dépenses d’exploitation,Charges à caractère médical,€
2016,2,640800.0,normal,CFX,Dépenses d’exploitation,Charges à caractère médical,€
2016,3,560700.0,normal,CFX,Dépenses d’exploitation,Charges à caractère médical,€
2016,4,480600.0,normal,CFX,Dépenses d’exploitation,Charges à caractère médical,€
2016,5,400500.0,normal,CFX,Dépenses d’exploitation,Charges à caractère médical,€
2016,6,640800.0,normal,CFX,Dépenses d’exploitation,Charges à caractère médical,€
2016,7,560700.0,normal,CFX,Dépenses d’exploitation,Charges à caractère médical,€
2016,8,720900.0,normal,CFX,Dépenses d’exploitation,Charges à caractère médical,€
2016,9,640800.0,normal,CFX,Dépenses d’exploitation,Charges à caractère médical,€
2016,10,720900.0,normal,CFX,Dépenses d’exploitation,Charges à caractère médical,€
2016,11,801000.0,normal,CFX,Dépenses d’exploitation,Charges à caractère médical,€
2016,12,1041300.0,normal,CFX,Dépenses d’exploitation,Charges à caractère médical,€
2016,1,640800.0,crise,CFX,Dépenses d’exploitation,Charges à caractère médical,€
2016,2,720900.0,crise,CFX,Dépenses d’exploitation,Charges à caractère médical,€
2016,3,1121400.0,crise,CFX,Dépenses d’exploitation,Charges à caractère médical,€
2016,4,1041300.0,crise,CFX,Dépenses d’exploitation,Charges à caractère médical,€
2016,5,640800.0,crise,CFX,Dépenses d’exploitation,Charges à caractère médical,€
2016,6,240300.0,crise,CFX,Dépenses d’exploitation,Charges à caractère médical,€
2016,7,480600.0,crise,CFX,Dépenses d’exploitation,Charges à caractère médical,€
2016,8,1041300.0,crise,CFX,Dépenses d’exploitation,Charges à caractère médical,€
2016,9,480600.0,crise,CFX,Dépenses d’exploitation,Charges à caractère médical,€
2016,10,400500.0,crise,CFX,Dépenses d’exploitation,Charges à caractère médical,€
2016,11,560700.0,crise,CFX,Dépenses d’exploitation,Charges à caractère médical,€
2016,12,640800.0,crise,CFX,Dépenses d’exploitation,Charges à caractère médical,€
2011,1,65998000.0,normal,PLF,Recettes,Assurance maladie,€
2011,2,52798400.0,normal,PLF,Recettes,Assurance maladie,€
2011,3,46198600.0,normal,PLF,Recettes,Assurance maladie,€
2011,4,39598800.0,normal,PLF,Recettes,Assurance maladie,€
2011,5,32999000.0,normal,PLF,Recettes,Assurance maladie,€
2011,6,52798400.0,normal,PLF,Recettes,Assurance maladie,€
2011,7,46198600.0,normal,PLF,Recettes,Assurance maladie,€
2011,8,59398200.0,normal,PLF,Recettes,Assurance maladie,€
2011,9,52798400.0,normal,PLF,Recettes,Assurance maladie,€
2011,10,59398200.0,normal,PLF,Recettes,Assurance maladie,€
2011,11,65998000.0,normal,PLF,Recettes,Assurance maladie,€
2011,12,85797400.0,normal,PLF,Recettes,Assurance maladie,€
2011,1,52798400.0,crise,PLF,Recettes,Assurance maladie,€
2011,2,59398200.0,crise,PLF,Recettes,Assurance maladie,€
2011,3,92397200.0,crise,PLF,Recettes,Assurance maladie,€
2011,4,85797400.0,crise,PLF,Recettes,Assurance maladie,€
2011,5,52798400.0,crise,PLF,Recettes,Assurance maladie,€
2011,6,19799400.0,crise,PLF,Recettes,Assurance maladie,€
2011,7,39598800.0,crise,PLF,Recettes,Assurance maladie,€
2011,8,85797400.0,crise,PLF,Recettes,Assurance maladie,€
2011,9,39598800.0,crise,PLF,Recettes,Assurance maladie,€
2011,10,32999000.0,crise,PLF,Recettes,Assurance maladie,€
2011,11,46198600.0,crise,PLF,Recettes,Assurance maladie,€
2011,12,52798400.0,crise,PLF,Recettes,Assurance maladie,€
2011,1,4614000.0,normal,CFX,Recettes,Assurance maladie,€
2011,2,3691200.0,normal,CFX,Recettes,Assurance maladie,€
2011,3,3229800.0,normal,CFX,Recettes,Assurance maladie,€
2011,4,2768400.0,normal,CFX,Recettes,Assurance maladie,€
2011,5,2307000.0,normal,CFX,Recettes,Assurance maladie,€
2011,6,3691200.0,normal,CFX,Recettes,Assurance maladie,€
2011,7,3229800.0,normal,CFX,Recettes,Assurance maladie,€
2011,8,4152600.0,normal,CFX,Recettes,Assurance maladie,€
2011,9,3691200.0,normal,CFX,Recettes,Assurance maladie,€
2011,10,4152600.0,normal,CFX,Recettes,Assurance maladie,€
2011,11,4614000.0,normal,CFX,Recettes,Assurance maladie,€
2011,12,5998200.0,normal,CFX,Recettes,Assurance maladie,€
2011,1,3691200.0,crise,CFX,Recettes,Assurance maladie,€
2011,2,4152600.0,crise,CFX,Recettes,Assurance maladie,€
2011,3,6459600.0,crise,CFX,Recettes,Assurance maladie,€
2011,4,5998200.0,crise,CFX,Recettes,Assurance maladie,€
2011,5,3691200.0,crise,CFX,Recettes,Assurance maladie,€
2011,6,1384200.0,crise,CFX,Recettes,Assurance maladie,€
2011,7,2768400.0,crise,CFX,Recettes,Assurance maladie,€
2011,8,5998200.0,crise,CFX,Recettes,Assurance maladie,€
2011,9,2768400.0,crise,CFX,Recettes,Assurance maladie,€
2011,10,2307000.0,crise,CFX,Recettes,Assurance maladie,€
2011,11,3229800.0,crise,CFX,Recettes,Assurance maladie,€
2011,12,3691200.0,crise,CFX,Recettes,Assurance maladie,€
2012,1,65998000.0,normal,PLF,Recettes,Assurance maladie,€
2012,2,52798400.0,normal,PLF,Recettes,Assurance maladie,€
2012,3,46198600.0,normal,PLF,Recettes,Assurance maladie,€
2012,4,39598800.0,normal,PLF,Recettes,Assurance maladie,€
2012,5,32999000.0,normal,PLF,Recettes,Assurance maladie,€
2012,6,52798400.0,normal,PLF,Recettes,Assurance maladie,€
2012,7,46198600.0,normal,PLF,Recettes,Assurance maladie,€
2012,8,59398200.0,normal,PLF,Recettes,Assurance maladie,€
2012,9,52798400.0,normal,PLF,Recettes,Assurance maladie,€
2012,10,59398200.0,normal,PLF,Recettes,Assurance maladie,€
2012,11,65998000.0,normal,PLF,Recettes,Assurance maladie,€
2012,12,85797400.0,normal,PLF,Recettes,Assurance maladie,€
2012,1,52798400.0,crise,PLF,Recettes,Assurance maladie,€
2012,2,59398200.0,crise,PLF,Recettes,Assurance maladie,€
2012,3,92397200.0,crise,PLF,Recettes,Assurance maladie,€
2012,4,85797400.0,crise,PLF,Recettes,Assurance maladie,€
2012,5,52798400.0,crise,PLF,Recettes,Assurance maladie,€
2012,6,19799400.0,crise,PLF,Recettes,Assurance maladie,€
2012,7,39598800.0,crise,PLF,Recettes,Assurance maladie,€
2012,8,85797400.0,crise,PLF,Recettes,Assurance maladie,€
2012,9,39598800.0,crise,PLF,Recettes,Assurance maladie,€
2012,10,32999000.0,crise,PLF,Recettes,Assurance maladie,€
2012,11,46198600.0,crise,PLF,Recettes,Assurance maladie,€
2012,12,52798400.0,crise,PLF,Recettes,Assurance maladie,€
2012,1,4614000.0,normal,CFX,Recettes,Assurance maladie,€
2012,2,3691200.0,normal,CFX,Recettes,Assurance maladie,€
2012,3,3229800.0,normal,CFX,Recettes,Assurance maladie,€
2012,4,2768400.0,normal,CFX,Recettes,Assurance maladie,€
2012,5,2307000.0,normal,CFX,Recettes,Assurance maladie,€
2012,6,3691200.0,normal,CFX,Recettes,Assurance maladie,€
2012,7,3229800.0,normal,CFX,Recettes,Assurance maladie,€
2012,8,4152600.0,normal,CFX,Recettes,Assurance maladie,€
2012,9,3691200.0,normal,CFX,Recettes,Assurance maladie,€
2012,10,4152600.0,normal,CFX,Recettes,Assurance maladie,€
2012,11,4614000.0,normal,CFX,Recettes,Assurance maladie,€
2012,12,5998200.0,normal,CFX,Recettes,Assurance maladie,€
2012,1,3691200.0,crise,CFX,Recettes,Assurance maladie,€
2012,2,4152600.0,crise,CFX,Recettes,Assurance maladie,€
2012,3,6459600.0,crise,CFX,Recettes,Assurance maladie,€
2012,4,5998200.0,crise,CFX,Recettes,Assurance maladie,€
2012,5,3691200.0,crise,CFX,Recettes,Assurance maladie,€
2012,6,1384200.0,crise,CFX,Recettes,Assurance maladie,€
2012,7,2768400.0,crise,CFX,Recettes,Assurance maladie,€
2012,8,5998200.0,crise,CFX,Recettes,Assurance maladie,€
2012,9,2768400.0,crise,CFX,Recettes,Assurance maladie,€
2012,10,2307000.0,crise,CFX,Recettes,Assurance maladie,€
2012,11,3229800.0,crise,CFX,Recettes,Assurance maladie,€
2012,12,3691200.0,crise,CFX,Recettes,Assurance maladie,€
2013,1,65998000.0,normal,PLF,Recettes,Assurance maladie,€
2013,2,52798400.0,normal,PLF,Recettes,Assurance maladie,€
2013,3,46198600.0,normal,PLF,Recettes,Assurance maladie,€
2013,4,39598800.0,normal,PLF,Recettes,Assurance maladie,€
2013,5,32999000.0,normal,PLF,Recettes,Assurance maladie,€
2013,6,52798400.0,normal,PLF,Recettes,Assurance maladie,€
2013,7,46198600.0,normal,PLF,Recettes,Assurance maladie,€
2013,8,59398200.0,normal,PLF,Recettes,Assurance maladie,€
2013,9,52798400.0,normal,PLF,Recettes,Assurance maladie,€
2013,10,59398200.0,normal,PLF,Recettes,Assurance maladie,€
2013,11,65998000.0,normal,PLF,Recettes,Assurance maladie,€
2013,12,85797400.0,normal,PLF,Recettes,Assurance maladie,€
2013,1,52798400.0,crise,PLF,Recettes,Assurance maladie,€
2013,2,59398200.0,crise,PLF,Recettes,Assurance maladie,€
2013,3,92397200.0,crise,PLF,Recettes,Assurance maladie,€
2013,4,85797400.0,crise,PLF,Recettes,Assurance maladie,€
2013,5,52798400.0,crise,PLF,Recettes,Assurance maladie,€
2013,6,19799400.0,crise,PLF,Recettes,Assurance maladie,€
2013,7,39598800.0,crise,PLF,Recettes,Assurance maladie,€
2013,8,85797400.0,crise,PLF,Recettes,Assurance maladie,€
2013,9,39598800.0,crise,PLF,Recettes,Assurance maladie,€
2013,10,32999000.0,crise,PLF,Recettes,Assurance maladie,€
2013,11,46198600.0,crise,PLF,Recettes,Assurance maladie,€
2013,12,52798400.0,crise,PLF,Recettes,Assurance maladie,€
2013,1,4614000.0,normal,CFX,Recettes,Assurance maladie,€
2013,2,3691200.0,normal,CFX,Recettes,Assurance maladie,€
2013,3,3229800.0,normal,CFX,Recettes,Assurance maladie,€
2013,4,2768400.0,normal,CFX,Recettes,Assurance maladie,€
2013,5,2307000.0,normal,CFX,Recettes,Assurance maladie,€
2013,6,3691200.0,normal,CFX,Recettes,Assurance maladie,€
2013,7,3229800.0,normal,CFX,Recettes,Assurance maladie,€
2013,8,4152600.0,normal,CFX,Recettes,Assurance maladie,€
2013,9,3691200.0,normal,CFX,Recettes,Assurance maladie,€
2013,10,4152600.0,normal,CFX,Recettes,Assurance maladie,€
2013,11,4614000.0,normal,CFX,Recettes,Assurance maladie,€
2013,12,5998200.0,normal,CFX,Recettes,Assurance maladie,€
2013,1,3691200.0,crise,CFX,Recettes,Assurance maladie,€
2013,2,4152600.0,crise,CFX,Recettes,Assurance maladie,€
2013,3,6459600.0,crise,CFX,Recettes,Assurance maladie,€
2013,4,5998200.0,crise,CFX,Recettes,Assurance maladie,€
2013,5,3691200.0,crise,CFX,Recettes,Assurance maladie,€
2013,6,1384200.0,crise,CFX,Recettes,Assurance maladie,€
2013,7,2768400.0,crise,CFX,Recettes,Assurance maladie,€
2013,8,5998200.0,crise,CFX,Recettes,Assurance maladie,€
2013,9,2768400.0,crise,CFX,Recettes,Assurance maladie,€
2013,10,2307000.0,crise,CFX,Recettes,Assurance maladie,€
2013,11,3229800.0,crise,CFX,Recettes,Assurance maladie,€
2013,12,3691200.0,crise,CFX,Recettes,Assurance maladie,€
2014,1,65998000.0,normal,PLF,Recettes,Assurance maladie,€
2014,2,52798400.0,normal,PLF,Recettes,Assurance maladie,€
2014,3,46198600.0,normal,PLF,Recettes,Assurance maladie,€
2014,4,39598800.0,normal,PLF,Recettes,Assurance maladie,€
2014,5,32999000.0,normal,PLF,Recettes,Assurance maladie,€
2014,6,52798400.0,normal,PLF,Recettes,Assurance maladie,€
2014,7,46198600.0,normal,PLF,Recettes,Assurance maladie,€
2014,8,59398200.0,normal,PLF,Recettes,Assurance maladie,€
2014,9,52798400.0,normal,PLF,Recettes,Assurance maladie,€
2014,10,59398200.0,normal,PLF,Recettes,Assurance maladie,€
2014,11,65998000.0,normal,PLF,Recettes,Assurance maladie,€
2014,12,85797400.0,normal,PLF,Recettes,Assurance maladie,€
2014,1,52798400.0,crise,PLF,Recettes,Assurance maladie,€
2014,2,59398200.0,crise,PLF,Recettes,Assurance maladie,€
2014,3,92397200.0,crise,PLF,Recettes,Assurance maladie,€
2014,4,85797400.0,crise,PLF,Recettes,Assurance maladie,€
2014,5,52798400.0,crise,PLF,Recettes,Assurance maladie,€
2014,6,19799400.0,crise,PLF,Recettes,Assurance maladie,€
2014,7,39598800.0,crise,PLF,Recettes,Assurance maladie,€
2014,8,85797400.0,crise,PLF,Recettes,Assurance maladie,€
2014,9,39598800.0,crise,PLF,Recettes,Assurance maladie,€
2014,10,32999000.0,crise,PLF,Recettes,Assurance maladie,€
2014,11,46198600.0,crise,PLF,Recettes,Assurance maladie,€
2014,12,52798400.0,crise,PLF,Recettes,Assurance maladie,€
2014,1,4614000.0,normal,CFX,Recettes,Assurance maladie,€
2014,2,3691200.0,normal,CFX,Recettes,Assurance maladie,€
2014,3,3229800.0,normal,CFX,Recettes,Assurance maladie,€
2014,4,2768400.0,normal,CFX,Recettes,Assurance maladie,€
2014,5,2307000.0,normal,CFX,Recettes,Assurance maladie,€
2014,6,3691200.0,normal,CFX,Recettes,Assurance maladie,€
2014,7,3229800.0,normal,CFX,Recettes,Assurance maladie,€
2014,8,4152600.0,normal,CFX,Recettes,Assurance maladie,€
2014,9,3691200.0,normal,CFX,Recettes,Assurance maladie,€
2014,10,4152600.0,normal,CFX,Recettes,Assurance maladie,€
2014,11,4614000.0,normal,CFX,Recettes,Assurance maladie,€
2014,12,5998200.0,normal,CFX,Recettes,Assurance maladie,€
2014,1,3691200.0,crise,CFX,Recettes,Assurance maladie,€
2014,2,4152600.0,crise,CFX,Recettes,Assurance maladie,€
2014,3,6459600.0,crise,CFX,Recettes,Assurance maladie,€
2014,4,5998200.0,crise,CFX,Recettes,Assurance maladie,€
2014,5,3691200.0,crise,CFX,Recettes,Assurance maladie,€
2014,6,1384200.0,crise,CFX,Recettes,Assurance maladie,€
2014,7,2768400.0,crise,CFX,Recettes,Assurance maladie,€
2014,8,5998200.0,crise,CFX,Recettes,Assurance maladie,€
2014,9,2768400.0,crise,CFX,Recettes,Assurance maladie,€
2014,10,2307000.0,crise,CFX,Recettes,Assurance maladie,€
2014,11,3229800.0,crise,CFX,Recettes,Assurance maladie,€
2014,12,3691200.0,crise,CFX,Recettes,Assurance maladie,€
2015,1,65998000.0,normal,PLF,Recettes,Assurance maladie,€
2015,2,52798400.0,normal,PLF,Recettes,Assurance maladie,€
2015,3,46198600.0,normal,PLF,Recettes,Assurance maladie,€
2015,4,39598800.0,normal,PLF,Recettes,Assurance maladie,€
2015,5,32999000.0,normal,PLF,Recettes,Assurance maladie,€
2015,6,52798400.0,normal,PLF,Recettes,Assurance maladie,€
2015,7,46198600.0,normal,PLF,Recettes,Assurance maladie,€
2015,8,59398200.0,normal,PLF,Recettes,Assurance maladie,€
2015,9,52798400.0,normal,PLF,Recettes,Assurance maladie,€
2015,10,59398200.0,normal,PLF,Recettes,Assurance maladie,€
2015,11,65998000.0,normal,PLF,Recettes,Assurance maladie,€
2015,12,85797400.0,normal,PLF,Recettes,Assurance maladie,€
2015,1,52798400.0,crise,PLF,Recettes,Assurance maladie,€
2015,2,59398200.0,crise,PLF,Recettes,Assurance maladie,€
2015,3,92397200.0,crise,PLF,Recettes,Assurance maladie,€
2015,4,85797400.0,crise,PLF,Recettes,Assurance maladie,€
2015,5,52798400.0,crise,PLF,Recettes,Assurance maladie,€
2015,6,19799400.0,crise,PLF,Recettes,Assurance maladie,€
2015,7,39598800.0,crise,PLF,Recettes,Assurance maladie,€
2015,8,85797400.0,crise,PLF,Recettes,Assurance maladie,€
2015,9,39598800.0,crise,PLF,Recettes,Assurance maladie,€
2015,10,32999000.0,crise,PLF,Recettes,Assurance maladie,€
2015,11,46198600.0,crise,PLF,Recettes,Assurance maladie,€
2015,12,52798400.0,crise,PLF,Recettes,Assurance maladie,€
2015,1,4614000.0,normal,CFX,Recettes,Assurance maladie,€
2015,2,3691200.0,normal,CFX,Recettes,Assurance maladie,€
2015,3,3229800.0,normal,CFX,Recettes,Assurance maladie,€
2015,4,2768400.0,normal,CFX,Recettes,Assurance maladie,€
2015,5,2307000.0,normal,CFX,Recettes,Assurance maladie,€
2015,6,3691200.0,normal,CFX,Recettes,Assurance maladie,€
2015,7,3229800.0,normal,CFX,Recettes,Assurance maladie,€
2015,8,4152600.0,normal,CFX,Recettes,Assurance maladie,€
2015,9,3691200.0,normal,CFX,Recettes,Assurance maladie,€
2015,10,4152600.0,normal,CFX,Recettes,Assurance maladie,€
2015,11,4614000.0,normal,CFX,Recettes,Assurance maladie,€
2015,12,5998200.0,normal,CFX,Recettes,Assurance maladie,€
2015,1,3691200.0,crise,CFX,Recettes,Assurance maladie,€
2015,2,4152600.0,crise,CFX,Recettes,Assurance maladie,€
2015,3,6459600.0,crise,CFX,Recettes,Assurance maladie,€
2015,4,5998200.0,crise,CFX,Recettes,Assurance maladie,€
2015,5,3691200.0,crise,CFX,Recettes,Assurance maladie,€
2015,6,1384200.0,crise,CFX,Recettes,Assurance maladie,€
2015,7,2768400.0,crise,CFX,Recettes,Assurance maladie,€
2015,8,5998200.0,crise,CFX,Recettes,Assurance maladie,€
2015,9,2768400.0,crise,CFX,Recettes,Assurance maladie,€
2015,10,2307000.0,crise,CFX,Recettes,Assurance maladie,€
2015,11,3229800.0,crise,CFX,Recettes,Assurance maladie,€
2015,12,3691200.0,crise,CFX,Recettes,Assurance maladie,€
2016,1,65998000.0,normal,PLF,Recettes,Assurance maladie,€
2016,2,52798400.0,normal,PLF,Recettes,Assurance maladie,€
2016,3,46198600.0,normal,PLF,Recettes,Assurance maladie,€
2016,4,39598800.0,normal,PLF,Recettes,Assurance maladie,€
2016,5,32999000.0,normal,PLF,Recettes,Assurance maladie,€
2016,6,52798400.0,normal,PLF,Recettes,Assurance maladie,€
2016,7,46198600.0,normal,PLF,Recettes,Assurance maladie,€
2016,8,59398200.0,normal,PLF,Recettes,Assurance maladie,€
2016,9,52798400.0,normal,PLF,Recettes,Assurance maladie,€
2016,10,59398200.0,normal,PLF,Recettes,Assurance maladie,€
2016,11,65998000.0,normal,PLF,Recettes,Assurance maladie,€
2016,12,85797400.0,normal,PLF,Recettes,Assurance maladie,€
2016,1,52798400.0,crise,PLF,Recettes,Assurance maladie,€
2016,2,59398200.0,crise,PLF,Recettes,Assurance maladie,€
2016,3,92397200.0,crise,PLF,Recettes,Assurance maladie,€
2016,4,85797400.0,crise,PLF,Recettes,Assurance maladie,€
2016,5,52798400.0,crise,PLF,Recettes,Assurance maladie,€
2016,6,19799400.0,crise,PLF,Recettes,Assurance maladie,€
2016,7,39598800.0,crise,PLF,Recettes,Assurance maladie,€
2016,8,85797400.0,crise,PLF,Recettes,Assurance maladie,€
2016,9,39598800.0,crise,PLF,Recettes,Assurance maladie,€
2016,10,32999000.0,crise,PLF,Recettes,Assurance maladie,€
2016,11,46198600.0,crise,PLF,Recettes,Assurance maladie,€
2016,12,52798400.0,crise,PLF,Recettes,Assurance maladie,€
2016,1,4614000.0,normal,CFX,Recettes,Assurance maladie,€
2016,2,3691200.0,normal,CFX,Recettes,Assurance maladie,€
2016,3,3229800.0,normal,CFX,Recettes,Assurance maladie,€
2016,4,2768400.0,normal,CFX,Recettes,Assurance maladie,€
2016,5,2307000.0,normal,CFX,Recettes,Assurance maladie,€
2016,6,3691200.0,normal,CFX,Recettes,Assurance maladie,€
2016,7,3229800.0,normal,CFX,Recettes,Assurance maladie,€
2016,8,4152600.0,normal,CFX,Recettes,Assurance maladie,€
2016,9,3691200.0,normal,CFX,Recettes,Assurance maladie,€
2016,10,4152600.0,normal,CFX,Recettes,Assurance maladie,€
2016,11,4614000.0,normal,CFX,Recettes,Assurance maladie,€
2016,12,5998200.0,normal,CFX,Recettes,Assurance maladie,€
2016,1,3691200.0,crise,CFX,Recettes,Assurance maladie,€
2016,2,4152600.0,crise,CFX,Recettes,Assurance maladie,€
2016,3,6459600.0,crise,CFX,Recettes,Assurance maladie,€
2016,4,5998200.0,crise,CFX,Recettes,Assurance maladie,€
2016,5,3691200.0,crise,CFX,Recettes,Assurance maladie,€
2016,6,1384200.0,crise,CFX,Recettes,Assurance maladie,€
2016,7,2768400.0,crise,CFX,Recettes,Assurance maladie,€
2016,8,5998200.0,crise,CFX,Recettes,Assurance maladie,€
2016,9,2768400.0,crise,CFX,Recettes,Assurance maladie,€
2016,10,2307000.0,crise,CFX,Recettes,Assurance maladie,€
2016,11,3229800.0,crise,CFX,Recettes,Assurance maladie,€
2016,12,3691200.0,crise,CFX,Recettes,Assurance maladie,€
2011,1,7773000.0,normal,PLF,Recettes,Mutuelles/Particuliers,€
2011,2,6218400.0,normal,PLF,Recettes,Mutuelles/Particuliers,€
2011,3,5441100.0,normal,PLF,Recettes,Mutuelles/Particuliers,€
2011,4,4663800.0,normal,PLF,Recettes,Mutuelles/Particuliers,€
2011,5,3886500.0,normal,PLF,Recettes,Mutuelles/Particuliers,€
2011,6,6218400.0,normal,PLF,Recettes,Mutuelles/Particuliers,€
2011,7,5441100.0,normal,PLF,Recettes,Mutuelles/Particuliers,€
2011,8,6995700.0,normal,PLF,Recettes,Mutuelles/Particuliers,€
2011,9,6218400.0,normal,PLF,Recettes,Mutuelles/Particuliers,€
2011,10,6995700.0,normal,PLF,Recettes,Mutuelles/Particuliers,€
2011,11,7773000.0,normal,PLF,Recettes,Mutuelles/Particuliers,€
2011,12,10104900.0,normal,PLF,Recettes,Mutuelles/Particuliers,€
2011,1,6218400.0,crise,PLF,Recettes,Mutuelles/Particuliers,€
2011,2,6995700.0,crise,PLF,Recettes,Mutuelles/Particuliers,€
2011,3,10882200.0,crise,PLF,Recettes,Mutuelles/Particuliers,€
2011,4,10104900.0,crise,PLF,Recettes,Mutuelles/Particuliers,€
2011,5,6218400.0,crise,PLF,Recettes,Mutuelles/Particuliers,€
2011,6,2331900.0,crise,PLF,Recettes,Mutuelles/Particuliers,€
2011,7,4663800.0,crise,PLF,Recettes,Mutuelles/Particuliers,€
2011,8,10104900.0,crise,PLF,Recettes,Mutuelles/Particuliers,€
2011,9,4663800.0,crise,PLF,Recettes,Mutuelles/Particuliers,€
2011,10,3886500.0,crise,PLF,Recettes,Mutuelles/Particuliers,€
2011,11,5441100.0,crise,PLF,Recettes,Mutuelles/Particuliers,€
2011,12,6218400.0,crise,PLF,Recettes,Mutuelles/Particuliers,€
2011,1,442000.0,normal,CFX,Recettes,Mutuelles/Particuliers,€
2011,2,353600.0,normal,CFX,Recettes,Mutuelles/Particuliers,€
2011,3,309400.0,normal,CFX,Recettes,Mutuelles/Particuliers,€
2011,4,265200.0,normal,CFX,Recettes,Mutuelles/Particuliers,€
2011,5,221000.0,normal,CFX,Recettes,Mutuelles/Particuliers,€
2011,6,353600.0,normal,CFX,Recettes,Mutuelles/Particuliers,€
2011,7,309400.0,normal,CFX,Recettes,Mutuelles/Particuliers,€
2011,8,397800.0,normal,CFX,Recettes,Mutuelles/Particuliers,€
2011,9,353600.0,normal,CFX,Recettes,Mutuelles/Particuliers,€
2011,10,397800.0,normal,CFX,Recettes,Mutuelles/Particuliers,€
2011,11,442000.0,normal,CFX,Recettes,Mutuelles/Particuliers,€
2011,12,574600.0,normal,CFX,Recettes,Mutuelles/Particuliers,€
2011,1,353600.0,crise,CFX,Recettes,Mutuelles/Particuliers,€
2011,2,397800.0,crise,CFX,Recettes,Mutuelles/Particuliers,€
2011,3,618800.0,crise,CFX,Recettes,Mutuelles/Particuliers,€
2011,4,574600.0,crise,CFX,Recettes,Mutuelles/Particuliers,€
2011,5,353600.0,crise,CFX,Recettes,Mutuelles/Particuliers,€
2011,6,132600.0,crise,CFX,Recettes,Mutuelles/Particuliers,€
2011,7,265200.0,crise,CFX,Recettes,Mutuelles/Particuliers,€
2011,8,574600.0,crise,CFX,Recettes,Mutuelles/Particuliers,€
2011,9,265200.0,crise,CFX,Recettes,Mutuelles/Particuliers,€
2011,10,221000.0,crise,CFX,Recettes,Mutuelles/Particuliers,€
2011,11,309400.0,crise,CFX,Recettes,Mutuelles/Particuliers,€
2011,12,353600.0,crise,CFX,Recettes,Mutuelles/Particuliers,€
2012,1,7773000.0,normal,PLF,Recettes,Mutuelles/Particuliers,€
2012,2,6218400.0,normal,PLF,Recettes,Mutuelles/Particuliers,€
2012,3,5441100.0,normal,PLF,Recettes,Mutuelles/Particuliers,€
2012,4,4663800.0,normal,PLF,Recettes,Mutuelles/Particuliers,€
2012,5,3886500.0,normal,PLF,Recettes,Mutuelles/Particuliers,€
2012,6,6218400.0,normal,PLF,Recettes,Mutuelles/Particuliers,€
2012,7,5441100.0,normal,PLF,Recettes,Mutuelles/Particuliers,€
2012,8,6995700.0,normal,PLF,Recettes,Mutuelles/Particuliers,€
2012,9,6218400.0,normal,PLF,Recettes,Mutuelles/Particuliers,€
2012,10,6995700.0,normal,PLF,Recettes,Mutuelles/Particuliers,€
2012,11,7773000.0,normal,PLF,Recettes,Mutuelles/Particuliers,€
2012,12,10104900.0,normal,PLF,Recettes,Mutuelles/Particuliers,€
2012,1,6218400.0,crise,PLF,Recettes,Mutuelles/Particuliers,€
2012,2,6995700.0,crise,PLF,Recettes,Mutuelles/Particuliers,€
2012,3,10882200.0,crise,PLF,Recettes,Mutuelles/Particuliers,€
2012,4,10104900.0,crise,PLF,Recettes,Mutuelles/Particuliers,€
2012,5,6218400.0,crise,PLF,Recettes,Mutuelles/Particuliers,€
2012,6,2331900.0,crise,PLF,Recettes,Mutuelles/Particuliers,€
2012,7,4663800.0,crise,PLF,Recettes,Mutuelles/Particuliers,€
2012,8,10104900.0,crise,PLF,Recettes,Mutuelles/Particuliers,€
2012,9,4663800.0,crise,PLF,Recettes,Mutuelles/Particuliers,€
2012,10,3886500.0,crise,PLF,Recettes,Mutuelles/Particuliers,€
2012,11,5441100.0,crise,PLF,Recettes,Mutuelles/Particuliers,€
2012,12,6218400.0,crise,PLF,Recettes,Mutuelles/Particuliers,€
2012,1,442000.0,normal,CFX,Recettes,Mutuelles/Particuliers,€
2012,2,353600.0,normal,CFX,Recettes,Mutuelles/Particuliers,€
2012,3,309400.0,normal,CFX,Recettes,Mutuelles/Particuliers,€
2012,4,265200.0,normal,CFX,Recettes,Mutuelles/Particuliers,€
2012,5,221000.0,normal,CFX,Recettes,Mutuelles/Particuliers,€
2012,6,353600.0,normal,CFX,Recettes,Mutuelles/Particuliers,€
2012,7,309400.0,normal,CFX,Recettes,Mutuelles/Particuliers,€
2012,8,397800.0,normal,CFX,Recettes,Mutuelles/Particuliers,€
2012,9,353600.0,normal,CFX,Recettes,Mutuelles/Particuliers,€
2012,10,397800.0,normal,CFX,Recettes,Mutuelles/Particuliers,€
2012,11,442000.0,normal,CFX,Recettes,Mutuelles/Particuliers,€
2012,12,574600.0,normal,CFX,Recettes,Mutuelles/Particuliers,€
2012,1,353600.0,crise,CFX,Recettes,Mutuelles/Particuliers,€
2012,2,397800.0,crise,CFX,Recettes,Mutuelles/Particuliers,€
2012,3,618800.0,crise,CFX,Recettes,Mutuelles/Particuliers,€
2012,4,574600.0,crise,CFX,Recettes,Mutuelles/Particuliers,€
2012,5,353600.0,crise,CFX,Recettes,Mutuelles/Particuliers,€
2012,6,132600.0,crise,CFX,Recettes,Mutuelles/Particuliers,€
2012,7,265200.0,crise,CFX,Recettes,Mutuelles/Particuliers,€
2012,8,574600.0,crise,CFX,Recettes,Mutuelles/Particuliers,€
2012,9,265200.0,crise,CFX,Recettes,Mutuelles/Particuliers,€
2012,10,221000.0,crise,CFX,Recettes,Mutuelles/Particuliers,€
2012,11,309400.0,crise,CFX,Recettes,Mutuelles/Particuliers,€
2012,12,353600.0,crise,CFX,Recettes,Mutuelles/Particuliers,€
2013,1,7773000.0,normal,PLF,Recettes,Mutuelles/Particuliers,€
2013,2,6218400.0,normal,PLF,Recettes,Mutuelles/Particuliers,€
2013,3,5441100.0,normal,PLF,Recettes,Mutuelles/Particuliers,€
2013,4,4663800.0,normal,PLF,Recettes,Mutuelles/Particuliers,€
2013,5,3886500.0,normal,PLF,Recettes,Mutuelles/Particuliers,€
2013,6,6218400.0,normal,PLF,Recettes,Mutuelles/Particuliers,€
2013,7,5441100.0,normal,PLF,Recettes,Mutuelles/Particuliers,€
2013,8,6995700.0,normal,PLF,Recettes,Mutuelles/Particuliers,€
2013,9,6218400.0,normal,PLF,Recettes,Mutuelles/Particuliers,€
2013,10,6995700.0,normal,PLF,Recettes,Mutuelles/Particuliers,€
2013,11,7773000.0,normal,PLF,Recettes,Mutuelles/Particuliers,€
2013,12,10104900.0,normal,PLF,Recettes,Mutuelles/Particuliers,€
2013,1,6218400.0,crise,PLF,Recettes,Mutuelles/Particuliers,€
2013,2,6995700.0,crise,PLF,Recettes,Mutuelles/Particuliers,€
2013,3,10882200.0,crise,PLF,Recettes,Mutuelles/Particuliers,€
2013,4,10104900.0,crise,PLF,Recettes,Mutuelles/Particuliers,€
2013,5,6218400.0,crise,PLF,Recettes,Mutuelles/Particuliers,€
2013,6,2331900.0,crise,PLF,Recettes,Mutuelles/Particuliers,€
2013,7,4663800.0,crise,PLF,Recettes,Mutuelles/Particuliers,€
2013,8,10104900.0,crise,PLF,Recettes,Mutuelles/Particuliers,€
2013,9,4663800.0,crise,PLF,Recettes,Mutuelles/Particuliers,€
2013,10,3886500.0,crise,PLF,Recettes,Mutuelles/Particuliers,€
2013,11,5441100.0,crise,PLF,Recettes,Mutuelles/Particuliers,€
2013,12,6218400.0,crise,PLF,Recettes,Mutuelles/Particuliers,€
2013,1,442000.0,normal,CFX,Recettes,Mutuelles/Particuliers,€
2013,2,353600.0,normal,CFX,Recettes,Mutuelles/Particuliers,€
2013,3,309400.0,normal,CFX,Recettes,Mutuelles/Particuliers,€
2013,4,265200.0,normal,CFX,Recettes,Mutuelles/Particuliers,€
2013,5,221000.0,normal,CFX,Recettes,Mutuelles/Particuliers,€
2013,6,353600.0,normal,CFX,Recettes,Mutuelles/Particuliers,€
2013,7,309400.0,normal,CFX,Recettes,Mutuelles/Particuliers,€
2013,8,397800.0,normal,CFX,Recettes,Mutuelles/Particuliers,€
2013,9,353600.0,normal,CFX,Recettes,Mutuelles/Particuliers,€
2013,10,397800.0,normal,CFX,Recettes,Mutuelles/Particuliers,€
2013,11,442000.0,normal,CFX,Recettes,Mutuelles/Particuliers,€
2013,12,574600.0,normal,CFX,Recettes,Mutuelles/Particuliers,€
2013,1,353600.0,crise,CFX,Recettes,Mutuelles/Particuliers,€
2013,2,397800.0,crise,CFX,Recettes,Mutuelles/Particuliers,€
2013,3,618800.0,crise,CFX,Recettes,Mutuelles/Particuliers,€
2013,4,574600.0,crise,CFX,Recettes,Mutuelles/Particuliers,€
2013,5,353600.0,crise,CFX,Recettes,Mutuelles/Particuliers,€
2013,6,132600.0,crise,CFX,Recettes,Mutuelles/Particuliers,€
2013,7,265200.0,crise,CFX,Recettes,Mutuelles/Particuliers,€
2013,8,574600.0,crise,CFX,Recettes,Mutuelles/Particuliers,€
2013,9,265200.0,crise,CFX,Recettes,Mutuelles/Particuliers,€
2013,10,221000.0,crise,CFX,Recettes,Mutuelles/Particuliers,€
2013,11,309400.0,crise,CFX,Recettes,Mutuelles/Particuliers,€
2013,12,353600.0,crise,CFX,Recettes,Mutuelles/Particuliers,€
2014,1,7773000.0,normal,PLF,Recettes,Mutuelles/Particuliers,€
2014,2,6218400.0,normal,PLF,Recettes,Mutuelles/Particuliers,€
2014,3,5441100.0,normal,PLF,Recettes,Mutuelles/Particuliers,€
2014,4,4663800.0,normal,PLF,Recettes,Mutuelles/Particuliers,€
2014,5,3886500.0,normal,PLF,Recettes,Mutuelles/Particuliers,€
2014,6,6218400.0,normal,PLF,Recettes,Mutuelles/Particuliers,€
2014,7,5441100.0,normal,PLF,Recettes,Mutuelles/Particuliers,€
2014,8,6995700.0,normal,PLF,Recettes,Mutuelles/Particuliers,€
2014,9,6218400.0,normal,PLF,Recettes,Mutuelles/Particuliers,€
2014,10,6995700.0,normal,PLF,Recettes,Mutuelles/Particuliers,€
2014,11,7773000.0,normal,PLF,Recettes,Mutuelles/Particuliers,€
2014,12,10104900.0,normal,PLF,Recettes,Mutuelles/Particuliers,€
2014,1,6218400.0,crise,PLF,Recettes,Mutuelles/Particuliers,€
2014,2,6995700.0,crise,PLF,Recettes,Mutuelles/Particuliers,€
2014,3,10882200.0,crise,PLF,Recettes,Mutuelles/Particuliers,€
2014,4,10104900.0,crise,PLF,Recettes,Mutuelles/Particuliers,€
2014,5,6218400.0,crise,PLF,Recettes,Mutuelles/Particuliers,€
2014,6,2331900.0,crise,PLF,Recettes,Mutuelles/Particuliers,€
2014,7,4663800.0,crise,PLF,Recettes,Mutuelles/Particuliers,€
2014,8,10104900.0,crise,PLF,Recettes,Mutuelles/Particuliers,€
2014,9,4663800.0,crise,PLF,Recettes,Mutuelles/Particuliers,€
2014,10,3886500.0,crise,PLF,Recettes,Mutuelles/Particuliers,€
2014,11,5441100.0,crise,PLF,Recettes,Mutuelles/Particuliers,€
2014,12,6218400.0,crise,PLF,Recettes,Mutuelles/Particuliers,€
2014,1,442000.0,normal,CFX,Recettes,Mutuelles/Particuliers,€
2014,2,353600.0,normal,CFX,Recettes,Mutuelles/Particuliers,€
2014,3,309400.0,normal,CFX,Recettes,Mutuelles/Particuliers,€
2014,4,265200.0,normal,CFX,Recettes,Mutuelles/Particuliers,€
2014,5,221000.0,normal,CFX,Recettes,Mutuelles/Particuliers,€
2014,6,353600.0,normal,CFX,Recettes,Mutuelles/Particuliers,€
2014,7,309400.0,normal,CFX,Recettes,Mutuelles/Particuliers,€
2014,8,397800.0,normal,CFX,Recettes,Mutuelles/Particuliers,€
2014,9,353600.0,normal,CFX,Recettes,Mutuelles/Particuliers,€
2014,10,397800.0,normal,CFX,Recettes,Mutuelles/Particuliers,€
2014,11,442000.0,normal,CFX,Recettes,Mutuelles/Particuliers,€
2014,12,574600.0,normal,CFX,Recettes,Mutuelles/Particuliers,€
2014,1,353600.0,crise,CFX,Recettes,Mutuelles/Particuliers,€
2014,2,397800.0,crise,CFX,Recettes,Mutuelles/Particuliers,€
2014,3,618800.0,crise,CFX,Recettes,Mutuelles/Particuliers,€
2014,4,574600.0,crise,CFX,Recettes,Mutuelles/Particuliers,€
2014,5,353600.0,crise,CFX,Recettes,Mutuelles/Particuliers,€
2014,6,132600.0,crise,CFX,Recettes,Mutuelles/Particuliers,€
2014,7,265200.0,crise,CFX,Recettes,Mutuelles/Particuliers,€
2014,8,574600.0,crise,CFX,Recettes,Mutuelles/Particuliers,€
2014,9,265200.0,crise,CFX,Recettes,Mutuelles/Particuliers,€
2014,10,221000.0,crise,CFX,Recettes,Mutuelles/Particuliers,€
2014,11,309400.0,crise,CFX,Recettes,Mutuelles/Particuliers,€
2014,12,353600.0,crise,CFX,Recettes,Mutuelles/Particuliers,€
2015,1,7773000.0,normal,PLF,Recettes,Mutuelles/Particuliers,€
2015,2,6218400.0,normal,PLF,Recettes,Mutuelles/Particuliers,€
2015,3,5441100.0,normal,PLF,Recettes,Mutuelles/Particuliers,€
2015,4,4663800.0,normal,PLF,Recettes,Mutuelles/Particuliers,€
2015,5,3886500.0,normal,PLF,Recettes,Mutuelles/Particuliers,€
2015,6,6218400.0,normal,PLF,Recettes,Mutuelles/Particuliers,€
2015,7,5441100.0,normal,PLF,Recettes,Mutuelles/Particuliers,€
2015,8,6995700.0,normal,PLF,Recettes,Mutuelles/Particuliers,€
2015,9,6218400.0,normal,PLF,Recettes,Mutuelles/Particuliers,€
2015,10,6995700.0,normal,PLF,Recettes,Mutuelles/Particuliers,€
2015,11,7773000.0,normal,PLF,Recettes,Mutuelles/Particuliers,€
2015,12,10104900.0,normal,PLF,Recettes,Mutuelles/Particuliers,€
2015,1,6218400.0,crise,PLF,Recettes,Mutuelles/Particuliers,€
2015,2,6995700.0,crise,PLF,Recettes,Mutuelles/Particuliers,€
2015,3,10882200.0,crise,PLF,Recettes,Mutuelles/Particuliers,€
2015,4,10104900.0,crise,PLF,Recettes,Mutuelles/Particuliers,€
2015,5,6218400.0,crise,PLF,Recettes,Mutuelles/Particuliers,€
2015,6,2331900.0,crise,PLF,Recettes,Mutuelles/Particuliers,€
2015,7,4663800.0,crise,PLF,Recettes,Mutuelles/Particuliers,€
2015,8,10104900.0,crise,PLF,Recettes,Mutuelles/Particuliers,€
2015,9,4663800.0,crise,PLF,Recettes,Mutuelles/Particuliers,€
2015,10,3886500.0,crise,PLF,Recettes,Mutuelles/Particuliers,€
2015,11,5441100.0,crise,PLF,Recettes,Mutuelles/Particuliers,€
2015,12,6218400.0,crise,PLF,Recettes,Mutuelles/Particuliers,€
2015,1,442000.0,normal,CFX,Recettes,Mutuelles/Particuliers,€
2015,2,353600.0,normal,CFX,Recettes,Mutuelles/Particuliers,€
2015,3,309400.0,normal,CFX,Recettes,Mutuelles/Particuliers,€
2015,4,265200.0,normal,CFX,Recettes,Mutuelles/Particuliers,€
2015,5,221000.0,normal,CFX,Recettes,Mutuelles/Particuliers,€
2015,6,353600.0,normal,CFX,Recettes,Mutuelles/Particuliers,€
2015,7,309400.0,normal,CFX,Recettes,Mutuelles/Particuliers,€
2015,8,397800.0,normal,CFX,Recettes,Mutuelles/Particuliers,€
2015,9,353600.0,normal,CFX,Recettes,Mutuelles/Particuliers,€
2015,10,397800.0,normal,CFX,Recettes,Mutuelles/Particuliers,€
2015,11,442000.0,normal,CFX,Recettes,Mutuelles/Particuliers,€
2015,12,574600.0,normal,CFX,Recettes,Mutuelles/Particuliers,€
2015,1,353600.0,crise,CFX,Recettes,Mutuelles/Particuliers,€
2015,2,397800.0,crise,CFX,Recettes,Mutuelles/Particuliers,€
2015,3,618800.0,crise,CFX,Recettes,Mutuelles/Particuliers,€
2015,4,574600.0,crise,CFX,Recettes,Mutuelles/Particuliers,€
2015,5,353600.0,crise,CFX,Recettes,Mutuelles/Particuliers,€
2015,6,132600.0,crise,CFX,Recettes,Mutuelles/Particuliers,€
2015,7,265200.0,crise,CFX,Recettes,Mutuelles/Particuliers,€
2015,8,574600.0,crise,CFX,Recettes,Mutuelles/Particuliers,€
2015,9,265200.0,crise,CFX,Recettes,Mutuelles/Particuliers,€
2015,10,221000.0,crise,CFX,Recettes,Mutuelles/Particuliers,€
2015,11,309400.0,crise,CFX,Recettes,Mutuelles/Particuliers,€
2015,12,353600.0,crise,CFX,Recettes,Mutuelles/Particuliers,€
2016,1,7773000.0,normal,PLF,Recettes,Mutuelles/Particuliers,€
2016,2,6218400.0,normal,PLF,Recettes,Mutuelles/Particuliers,€
2016,3,5441100.0,normal,PLF,Recettes,Mutuelles/Particuliers,€
2016,4,4663800.0,normal,PLF,Recettes,Mutuelles/Particuliers,€
2016,5,3886500.0,normal,PLF,Recettes,Mutuelles/Particuliers,€
2016,6,6218400.0,normal,PLF,Recettes,Mutuelles/Particuliers,€
2016,7,5441100.0,normal,PLF,Recettes,Mutuelles/Particuliers,€
2016,8,6995700.0,normal,PLF,Recettes,Mutuelles/Particuliers,€
2016,9,6218400.0,normal,PLF,Recettes,Mutuelles/Particuliers,€
2016,10,6995700.0,normal,PLF,Recettes,Mutuelles/Particuliers,€
2016,11,7773000.0,normal,PLF,Recettes,Mutuelles/Particuliers,€
2016,12,10104900.0,normal,PLF,Recettes,Mutuelles/Particuliers,€
2016,1,6218400.0,crise,PLF,Recettes,Mutuelles/Particuliers,€
2016,2,6995700.0,crise,PLF,Recettes,Mutuelles/Particuliers,€
2016,3,10882200.0,crise,PLF,Recettes,Mutuelles/Particuliers,€
2016,4,10104900.0,crise,PLF,Recettes,Mutuelles/Particuliers,€
2016,5,6218400.0,crise,PLF,Recettes,Mutuelles/Particuliers,€
2016,6,2331900.0,crise,PLF,Recettes,Mutuelles/Particuliers,€
2016,7,4663800.0,crise,PLF,Recettes,Mutuelles/Particuliers,€
2016,8,10104900.0,crise,PLF,Recettes,Mutuelles/Particuliers,€
2016,9,4663800.0,crise,PLF,Recettes,Mutuelles/Particuliers,€
2016,10,3886500.0,crise,PLF,Recettes,Mutuelles/Particuliers,€
2016,11,5441100.0,crise,PLF,Recettes,Mutuelles/Particuliers,€
2016,12,6218400.0,crise,PLF,Recettes,Mutuelles/Particuliers,€
2016,1,442000.0,normal,CFX,Recettes,Mutuelles/Particuliers,€
2016,2,353600.0,normal,CFX,Recettes,Mutuelles/Particuliers,€
2016,3,309400.0,normal,CFX,Recettes,Mutuelles/Particuliers,€
2016,4,265200.0,normal,CFX,Recettes,Mutuelles/Particuliers,€
2016,5,221000.0,normal,CFX,Recettes,Mutuelles/Particuliers,€
2016,6,353600.0,normal,CFX,Recettes,Mutuelles/Particuliers,€
2016,7,309400.0,normal,CFX,Recettes,Mutuelles/Particuliers,€
2016,8,397800.0,normal,CFX,Recettes,Mutuelles/Particuliers,€
2016,9,353600.0,normal,CFX,Recettes,Mutuelles/Particuliers,€
2016,10,397800.0,normal,CFX,Recettes,Mutuelles/Particuliers,€
2016,11,442000.0,normal,CFX,Recettes,Mutuelles/Particuliers,€
2016,12,574600.0,normal,CFX,Recettes,Mutuelles/Particuliers,€
2016,1,353600.0,crise,CFX,Recettes,Mutuelles/Particuliers,€
2016,2,397800.0,crise,CFX,Recettes,Mutuelles/Particuliers,€
2016,3,618800.0,crise,CFX,Recettes,Mutuelles/Particuliers,€
2016,4,574600.0,crise,CFX,Recettes,Mutuelles/Particuliers,€
2016,5,353600.0,crise,CFX,Recettes,Mutuelles/Particuliers,€
2016,6,132600.0,crise,CFX,Recettes,Mutuelles/Particuliers,€
2016,7,265200.0,crise,CFX,Recettes,Mutuelles/Particuliers,€
2016,8,574600.0,crise,CFX,Recettes,Mutuelles/Particuliers,€
2016,9,265200.0,crise,CFX,Recettes,Mutuelles/Particuliers,€
2016,10,221000.0,crise,CFX,Recettes,Mutuelles/Particuliers,€
2016,11,309400.0,crise,CFX,Recettes,Mutuelles/Particuliers,€
2016,12,353600.0,crise,CFX,Recettes,Mutuelles/Particuliers,€
2011,1,6743284.3,normal,PLF,Recettes,"Produits de l’activité hospitalière (mutuelles, particuliers)",€
2011,2,5394627.44,normal,PLF,Recettes,"Produits de l’activité hospitalière (mutuelles, particuliers)",€
2011,3,4720299.01,normal,PLF,Recettes,"Produits de l’activité hospitalière (mutuelles, particuliers)",€
2011,4,4045970.58,normal,PLF,Recettes,"Produits de l’activité hospitalière (mutuelles, particuliers)",€
2011,5,3371642.15,normal,PLF,Recettes,"Produits de l’activité hospitalière (mutuelles, particuliers)",€
2011,6,5394627.44,normal,PLF,Recettes,"Produits de l’activité hospitalière (mutuelles, particuliers)",€
2011,7,4720299.01,normal,PLF,Recettes,"Produits de l’activité hospitalière (mutuelles, particuliers)",€
2011,8,6068955.87,normal,PLF,Recettes,"Produits de l’activité hospitalière (mutuelles, particuliers)",€
2011,9,5394627.44,normal,PLF,Recettes,"Produits de l’activité hospitalière (mutuelles, particuliers)",€
2011,10,6068955.87,normal,PLF,Recettes,"Produits de l’activité hospitalière (mutuelles, particuliers)",€
2011,11,6743284.3,normal,PLF,Recettes,"Produits de l’activité hospitalière (mutuelles, particuliers)",€
2011,12,8766269.59,normal,PLF,Recettes,"Produits de l’activité hospitalière (mutuelles, particuliers)",€
2011,1,5394627.44,crise,PLF,Recettes,"Produits de l’activité hospitalière (mutuelles, particuliers)",€
2011,2,6068955.87,crise,PLF,Recettes,"Produits de l’activité hospitalière (mutuelles, particuliers)",€
2011,3,9440598.02,crise,PLF,Recettes,"Produits de l’activité hospitalière (mutuelles, particuliers)",€
2011,4,8766269.59,crise,PLF,Recettes,"Produits de l’activité hospitalière (mutuelles, particuliers)",€
2011,5,5394627.44,crise,PLF,Recettes,"Produits de l’activité hospitalière (mutuelles, particuliers)",€
2011,6,2022985.29,crise,PLF,Recettes,"Produits de l’activité hospitalière (mutuelles, particuliers)",€
2011,7,4045970.58,crise,PLF,Recettes,"Produits de l’activité hospitalière (mutuelles, particuliers)",€
2011,8,8766269.59,crise,PLF,Recettes,"Produits de l’activité hospitalière (mutuelles, particuliers)",€
2011,9,4045970.58,crise,PLF,Recettes,"Produits de l’activité hospitalière (mutuelles, particuliers)",€
2011,10,3371642.15,crise,PLF,Recettes,"Produits de l’activité hospitalière (mutuelles, particuliers)",€
2011,11,4720299.01,crise,PLF,Recettes,"Produits de l’activité hospitalière (mutuelles, particuliers)",€
2011,12,5394627.44,crise,PLF,Recettes,"Produits de l’activité hospitalière (mutuelles, particuliers)",€
2011,1,348732.7,normal,CFX,Recettes,"Produits de l’activité hospitalière (mutuelles, particuliers)",€
2011,2,278986.16,normal,CFX,Recettes,"Produits de l’activité hospitalière (mutuelles, particuliers)",€
2011,3,244112.89,normal,CFX,Recettes,"Produits de l’activité hospitalière (mutuelles, particuliers)",€
2011,4,209239.62,normal,CFX,Recettes,"Produits de l’activité hospitalière (mutuelles, particuliers)",€
2011,5,174366.35,normal,CFX,Recettes,"Produits de l’activité hospitalière (mutuelles, particuliers)",€
2011,6,278986.16,normal,CFX,Recettes,"Produits de l’activité hospitalière (mutuelles, particuliers)",€
2011,7,244112.89,normal,CFX,Recettes,"Produits de l’activité hospitalière (mutuelles, particuliers)",€
2011,8,313859.43,normal,CFX,Recettes,"Produits de l’activité hospitalière (mutuelles, particuliers)",€
2011,9,278986.16,normal,CFX,Recettes,"Produits de l’activité hospitalière (mutuelles, particuliers)",€
2011,10,313859.43,normal,CFX,Recettes,"Produits de l’activité hospitalière (mutuelles, particuliers)",€
2011,11,348732.7,normal,CFX,Recettes,"Produits de l’activité hospitalière (mutuelles, particuliers)",€
2011,12,453352.51,normal,CFX,Recettes,"Produits de l’activité hospitalière (mutuelles, particuliers)",€
2011,1,278986.16,crise,CFX,Recettes,"Produits de l’activité hospitalière (mutuelles, particuliers)",€
2011,2,313859.43,crise,CFX,Recettes,"Produits de l’activité hospitalière (mutuelles, particuliers)",€
2011,3,488225.78,crise,CFX,Recettes,"Produits de l’activité hospitalière (mutuelles, particuliers)",€
2011,4,453352.51,crise,CFX,Recettes,"Produits de l’activité hospitalière (mutuelles, particuliers)",€
2011,5,278986.16,crise,CFX,Recettes,"Produits de l’activité hospitalière (mutuelles, particuliers)",€
2011,6,104619.81,crise,CFX,Recettes,"Produits de l’activité hospitalière (mutuelles, particuliers)",€
2011,7,209239.62,crise,CFX,Recettes,"Produits de l’activité hospitalière (mutuelles, particuliers)",€
2011,8,453352.51,crise,CFX,Recettes,"Produits de l’activité hospitalière (mutuelles, particuliers)",€
2011,9,209239.62,crise,CFX,Recettes,"Produits de l’activité hospitalière (mutuelles, particuliers)",€
2011,10,174366.35,crise,CFX,Recettes,"Produits de l’activité hospitalière (mutuelles, particuliers)",€
2011,11,244112.89,crise,CFX,Recettes,"Produits de l’activité hospitalière (mutuelles, particuliers)",€
2011,12,278986.16,crise,CFX,Recettes,"Produits de l’activité hospitalière (mutuelles, particuliers)",€
2012,1,6743284.3,normal,PLF,Recettes,"Produits de l’activité hospitalière (mutuelles, particuliers)",€
2012,2,5394627.44,normal,PLF,Recettes,"Produits de l’activité hospitalière (mutuelles, particuliers)",€
2012,3,4720299.01,normal,PLF,Recettes,"Produits de l’activité hospitalière (mutuelles, particuliers)",€
2012,4,4045970.58,normal,PLF,Recettes,"Produits de l’activité hospitalière (mutuelles, particuliers)",€
2012,5,3371642.15,normal,PLF,Recettes,"Produits de l’activité hospitalière (mutuelles, particuliers)",€
2012,6,5394627.44,normal,PLF,Recettes,"Produits de l’activité hospitalière (mutuelles, particuliers)",€
2012,7,4720299.01,normal,PLF,Recettes,"Produits de l’activité hospitalière (mutuelles, particuliers)",€
2012,8,6068955.87,normal,PLF,Recettes,"Produits de l’activité hospitalière (mutuelles, particuliers)",€
2012,9,5394627.44,normal,PLF,Recettes,"Produits de l’activité hospitalière (mutuelles, particuliers)",€
2012,10,6068955.87,normal,PLF,Recettes,"Produits de l’activité hospitalière (mutuelles, particuliers)",€
2012,11,6743284.3,normal,PLF,Recettes,"Produits de l’activité hospitalière (mutuelles, particuliers)",€
2012,12,8766269.59,normal,PLF,Recettes,"Produits de l’activité hospitalière (mutuelles, particuliers)",€
2012,1,5394627.44,crise,PLF,Recettes,"Produits de l’activité hospitalière (mutuelles, particuliers)",€
2012,2,6068955.87,crise,PLF,Recettes,"Produits de l’activité hospitalière (mutuelles, particuliers)",€
2012,3,9440598.02,crise,PLF,Recettes,"Produits de l’activité hospitalière (mutuelles, particuliers)",€
2012,4,8766269.59,crise,PLF,Recettes,"Produits de l’activité hospitalière (mutuelles, particuliers)",€
2012,5,5394627.44,crise,PLF,Recettes,"Produits de l’activité hospitalière (mutuelles, particuliers)",€
2012,6,2022985.29,crise,PLF,Recettes,"Produits de l’activité hospitalière (mutuelles, particuliers)",€
2012,7,4045970.58,crise,PLF,Recettes,"Produits de l’activité hospitalière (mutuelles, particuliers)",€
2012,8,8766269.59,crise,PLF,Recettes,"Produits de l’activité hospitalière (mutuelles, particuliers)",€
2012,9,4045970.58,crise,PLF,Recettes,"Produits de l’activité hospitalière (mutuelles, particuliers)",€
2012,10,3371642.15,crise,PLF,Recettes,"Produits de l’activité hospitalière (mutuelles, particuliers)",€
2012,11,4720299.01,crise,PLF,Recettes,"Produits de l’activité hospitalière (mutuelles, particuliers)",€
2012,12,5394627.44,crise,PLF,Recettes,"Produits de l’activité hospitalière (mutuelles, particuliers)",€
2012,1,348732.7,normal,CFX,Recettes,"Produits de l’activité hospitalière (mutuelles, particuliers)",€
2012,2,278986.16,normal,CFX,Recettes,"Produits de l’activité hospitalière (mutuelles, particuliers)",€
2012,3,244112.89,normal,CFX,Recettes,"Produits de l’activité hospitalière (mutuelles, particuliers)",€
2012,4,209239.62,normal,CFX,Recettes,"Produits de l’activité hospitalière (mutuelles, particuliers)",€
2012,5,174366.35,normal,CFX,Recettes,"Produits de l’activité hospitalière (mutuelles, particuliers)",€
2012,6,278986.16,normal,CFX,Recettes,"Produits de l’activité hospitalière (mutuelles, particuliers)",€
2012,7,244112.89,normal,CFX,Recettes,"Produits de l’activité hospitalière (mutuelles, particuliers)",€
2012,8,313859.43,normal,CFX,Recettes,"Produits de l’activité hospitalière (mutuelles, particuliers)",€
2012,9,278986.16,normal,CFX,Recettes,"Produits de l’activité hospitalière (mutuelles, particuliers)",€
2012,10,313859.43,normal,CFX,Recettes,"Produits de l’activité hospitalière (mutuelles, particuliers)",€
2012,11,348732.7,normal,CFX,Recettes,"Produits de l’activité hospitalière (mutuelles, particuliers)",€
2012,12,453352.51,normal,CFX,Recettes,"Produits de l’activité hospitalière (mutuelles, particuliers)",€
2012,1,278986.16,crise,CFX,Recettes,"Produits de l’activité hospitalière (mutuelles, particuliers)",€
2012,2,313859.43,crise,CFX,Recettes,"Produits de l’activité hospitalière (mutuelles, particuliers)",€
2012,3,488225.78,crise,CFX,Recettes,"Produits de l’activité hospitalière (mutuelles, particuliers)",€
2012,4,453352.51,crise,CFX,Recettes,"Produits de l’activité hospitalière (mutuelles, particuliers)",€
2012,5,278986.16,crise,CFX,Recettes,"Produits de l’activité hospitalière (mutuelles, particuliers)",€
2012,6,104619.81,crise,CFX,Recettes,"Produits de l’activité hospitalière (mutuelles, particuliers)",€
2012,7,209239.62,crise,CFX,Recettes,"Produits de l’activité hospitalière (mutuelles, particuliers)",€
2012,8,453352.51,crise,CFX,Recettes,"Produits de l’activité hospitalière (mutuelles, particuliers)",€
2012,9,209239.62,crise,CFX,Recettes,"Produits de l’activité hospitalière (mutuelles, particuliers)",€
2012,10,174366.35,crise,CFX,Recettes,"Produits de l’activité hospitalière (mutuelles, particuliers)",€
2012,11,244112.89,crise,CFX,Recettes,"Produits de l’activité hospitalière (mutuelles, particuliers)",€
2012,12,278986.16,crise,CFX,Recettes,"Produits de l’activité hospitalière (mutuelles, particuliers)",€
2013,1,6743284.3,normal,PLF,Recettes,"Produits de l’activité hospitalière (mutuelles, particuliers)",€
2013,2,5394627.44,normal,PLF,Recettes,"Produits de l’activité hospitalière (mutuelles, particuliers)",€
2013,3,4720299.01,normal,PLF,Recettes,"Produits de l’activité hospitalière (mutuelles, particuliers)",€
2013,4,4045970.58,normal,PLF,Recettes,"Produits de l’activité hospitalière (mutuelles, particuliers)",€
2013,5,3371642.15,normal,PLF,Recettes,"Produits de l’activité hospitalière (mutuelles, particuliers)",€
2013,6,5394627.44,normal,PLF,Recettes,"Produits de l’activité hospitalière (mutuelles, particuliers)",€
2013,7,4720299.01,normal,PLF,Recettes,"Produits de l’activité hospitalière (mutuelles, particuliers)",€
2013,8,6068955.87,normal,PLF,Recettes,"Produits de l’activité hospitalière (mutuelles, particuliers)",€
2013,9,5394627.44,normal,PLF,Recettes,"Produits de l’activité hospitalière (mutuelles, particuliers)",€
2013,10,6068955.87,normal,PLF,Recettes,"Produits de l’activité hospitalière (mutuelles, particuliers)",€
2013,11,6743284.3,normal,PLF,Recettes,"Produits de l’activité hospitalière (mutuelles, particuliers)",€
2013,12,8766269.59,normal,PLF,Recettes,"Produits de l’activité hospitalière (mutuelles, particuliers)",€
2013,1,5394627.44,crise,PLF,Recettes,"Produits de l’activité hospitalière (mutuelles, particuliers)",€
2013,2,6068955.87,crise,PLF,Recettes,"Produits de l’activité hospitalière (mutuelles, particuliers)",€
2013,3,9440598.02,crise,PLF,Recettes,"Produits de l’activité hospitalière (mutuelles, particuliers)",€
2013,4,8766269.59,crise,PLF,Recettes,"Produits de l’activité hospitalière (mutuelles, particuliers)",€
2013,5,5394627.44,crise,PLF,Recettes,"Produits de l’activité hospitalière (mutuelles, particuliers)",€
2013,6,2022985.29,crise,PLF,Recettes,"Produits de l’activité hospitalière (mutuelles, particuliers)",€
2013,7,4045970.58,crise,PLF,Recettes,"Produits de l’activité hospitalière (mutuelles, particuliers)",€
2013,8,8766269.59,crise,PLF,Recettes,"Produits de l’activité hospitalière (mutuelles, particuliers)",€
2013,9,4045970.58,crise,PLF,Recettes,"Produits de l’activité hospitalière (mutuelles, particuliers)",€
2013,10,3371642.15,crise,PLF,Recettes,"Produits de l’activité hospitalière (mutuelles, particuliers)",€
2013,11,4720299.01,crise,PLF,Recettes,"Produits de l’activité hospitalière (mutuelles, particuliers)",€
2013,12,5394627.44,crise,PLF,Recettes,"Produits de l’activité hospitalière (mutuelles, particuliers)",€
2013,1,348732.7,normal,CFX,Recettes,"Produits de l’activité hospitalière (mutuelles, particuliers)",€
2013,2,278986.16,normal,CFX,Recettes,"Produits de l’activité hospitalière (mutuelles, particuliers)",€
2013,3,244112.89,normal,CFX,Recettes,"Produits de l’activité hospitalière (mutuelles, particuliers)",€
2013,4,209239.62,normal,CFX,Recettes,"Produits de l’activité hospitalière (mutuelles, particuliers)",€
2013,5,174366.35,normal,CFX,Recettes,"Produits de l’activité hospitalière (mutuelles, particuliers)",€
2013,6,278986.16,normal,CFX,Recettes,"Produits de l’activité hospitalière (mutuelles, particuliers)",€
2013,7,244112.89,normal,CFX,Recettes,"Produits de l’activité hospitalière (mutuelles, particuliers)",€
2013,8,313859.43,normal,CFX,Recettes,"Produits de l’activité hospitalière (mutuelles, particuliers)",€
2013,9,278986.16,normal,CFX,Recettes,"Produits de l’activité hospitalière (mutuelles, particuliers)",€
2013,10,313859.43,normal,CFX,Recettes,"Produits de l’activité hospitalière (mutuelles, particuliers)",€
2013,11,348732.7,normal,CFX,Recettes,"Produits de l’activité hospitalière (mutuelles, particuliers)",€
2013,12,453352.51,normal,CFX,Recettes,"Produits de l’activité hospitalière (mutuelles, particuliers)",€
2013,1,278986.16,crise,CFX,Recettes,"Produits de l’activité hospitalière (mutuelles, particuliers)",€
2013,2,313859.43,crise,CFX,Recettes,"Produits de l’activité hospitalière (mutuelles, particuliers)",€
2013,3,488225.78,crise,CFX,Recettes,"Produits de l’activité hospitalière (mutuelles, particuliers)",€
2013,4,453352.51,crise,CFX,Recettes,"Produits de l’activité hospitalière (mutuelles, particuliers)",€
2013,5,278986.16,crise,CFX,Recettes,"Produits de l’activité hospitalière (mutuelles, particuliers)",€
2013,6,104619.81,crise,CFX,Recettes,"Produits de l’activité hospitalière (mutuelles, particuliers)",€
2013,7,209239.62,crise,CFX,Recettes,"Produits de l’activité hospitalière (mutuelles, particuliers)",€
2013,8,453352.51,crise,CFX,Recettes,"Produits de l’activité hospitalière (mutuelles, particuliers)",€
2013,9,209239.62,crise,CFX,Recettes,"Produits de l’activité hospitalière (mutuelles, particuliers)",€
2013,10,174366.35,crise,CFX,Recettes,"Produits de l’activité hospitalière (mutuelles, particuliers)",€
2013,11,244112.89,crise,CFX,Recettes,"Produits de l’activité hospitalière (mutuelles, particuliers)",€
2013,12,278986.16,crise,CFX,Recettes,"Produits de l’activité hospitalière (mutuelles, particuliers)",€
2011,1,58169608.9,normal,PLF,Recettes,Produits de l’assurance maladie,€
2011,2,46535687.12,normal,PLF,Recettes,Produits de l’assurance maladie,€
2011,3,40718726.23,normal,PLF,Recettes,Produits de l’assurance maladie,€
2011,4,34901765.34,normal,PLF,Recettes,Produits de l’assurance maladie,€
2011,5,29084804.45,normal,PLF,Recettes,Produits de l’assurance maladie,€
2011,6,46535687.12,normal,PLF,Recettes,Produits de l’assurance maladie,€
2011,7,40718726.23,normal,PLF,Recettes,Produits de l’assurance maladie,€
2011,8,52352648.01,normal,PLF,Recettes,Produits de l’assurance maladie,€
2011,9,46535687.12,normal,PLF,Recettes,Produits de l’assurance maladie,€
2011,10,52352648.01,normal,PLF,Recettes,Produits de l’assurance maladie,€
2011,11,58169608.9,normal,PLF,Recettes,Produits de l’assurance maladie,€
2011,12,75620491.57,normal,PLF,Recettes,Produits de l’assurance maladie,€
2011,1,46535687.12,crise,PLF,Recettes,Produits de l’assurance maladie,€
2011,2,52352648.01,crise,PLF,Recettes,Produits de l’assurance maladie,€
2011,3,81437452.46,crise,PLF,Recettes,Produits de l’assurance maladie,€
2011,4,75620491.57,crise,PLF,Recettes,Produits de l’assurance maladie,€
2011,5,46535687.12,crise,PLF,Recettes,Produits de l’assurance maladie,€
2011,6,17450882.67,crise,PLF,Recettes,Produits de l’assurance maladie,€
2011,7,34901765.34,crise,PLF,Recettes,Produits de l’assurance maladie,€
2011,8,75620491.57,crise,PLF,Recettes,Produits de l’assurance maladie,€
2011,9,34901765.34,crise,PLF,Recettes,Produits de l’assurance maladie,€
2011,10,29084804.45,crise,PLF,Recettes,Produits de l’assurance maladie,€
2011,11,40718726.23,crise,PLF,Recettes,Produits de l’assurance maladie,€
2011,12,46535687.12,crise,PLF,Recettes,Produits de l’assurance maladie,€
2011,1,4385420.6,normal,CFX,Recettes,Produits de l’assurance maladie,€
2011,2,3508336.48,normal,CFX,Recettes,Produits de l’assurance maladie,€
2011,3,3069794.42,normal,CFX,Recettes,Produits de l’assurance maladie,€
2011,4,2631252.36,normal,CFX,Recettes,Produits de l’assurance maladie,€
2011,5,2192710.3,normal,CFX,Recettes,Produits de l’assurance maladie,€
2011,6,3508336.48,normal,CFX,Recettes,Produits de l’assurance maladie,€
2011,7,3069794.42,normal,CFX,Recettes,Produits de l’assurance maladie,€
2011,8,3946878.54,normal,CFX,Recettes,Produits de l’assurance maladie,€
2011,9,3508336.48,normal,CFX,Recettes,Produits de l’assurance maladie,€
2011,10,3946878.54,normal,CFX,Recettes,Produits de l’assurance maladie,€
2011,11,4385420.6,normal,CFX,Recettes,Produits de l’assurance maladie,€
2011,12,5701046.78,normal,CFX,Recettes,Produits de l’assurance maladie,€
2011,1,3508336.48,crise,CFX,Recettes,Produits de l’assurance maladie,€
2011,2,3946878.54,crise,CFX,Recettes,Produits de l’assurance maladie,€
2011,3,6139588.84,crise,CFX,Recettes,Produits de l’assurance maladie,€
2011,4,5701046.78,crise,CFX,Recettes,Produits de l’assurance maladie,€
2011,5,3508336.48,crise,CFX,Recettes,Produits de l’assurance maladie,€
2011,6,1315626.18,crise,CFX,Recettes,Produits de l’assurance maladie,€
2011,7,2631252.36,crise,CFX,Recettes,Produits de l’assurance maladie,€
2011,8,5701046.78,crise,CFX,Recettes,Produits de l’assurance maladie,€
2011,9,2631252.36,crise,CFX,Recettes,Produits de l’assurance maladie,€
2011,10,2192710.3,crise,CFX,Recettes,Produits de l’assurance maladie,€
2011,11,3069794.42,crise,CFX,Recettes,Produits de l’assurance maladie,€
2011,12,3508336.48,crise,CFX,Recettes,Produits de l’assurance maladie,€
2012,1,58169608.9,normal,PLF,Recettes,Produits de l’assurance maladie,€
2012,2,46535687.12,normal,PLF,Recettes,Produits de l’assurance maladie,€
2012,3,40718726.23,normal,PLF,Recettes,Produits de l’assurance maladie,€
2012,4,34901765.34,normal,PLF,Recettes,Produits de l’assurance maladie,€
2012,5,29084804.45,normal,PLF,Recettes,Produits de l’assurance maladie,€
2012,6,46535687.12,normal,PLF,Recettes,Produits de l’assurance maladie,€
2012,7,40718726.23,normal,PLF,Recettes,Produits de l’assurance maladie,€
2012,8,52352648.01,normal,PLF,Recettes,Produits de l’assurance maladie,€
2012,9,46535687.12,normal,PLF,Recettes,Produits de l’assurance maladie,€
2012,10,52352648.01,normal,PLF,Recettes,Produits de l’assurance maladie,€
2012,11,58169608.9,normal,PLF,Recettes,Produits de l’assurance maladie,€
2012,12,75620491.57,normal,PLF,Recettes,Produits de l’assurance maladie,€
2012,1,46535687.12,crise,PLF,Recettes,Produits de l’assurance maladie,€
2012,2,52352648.01,crise,PLF,Recettes,Produits de l’assurance maladie,€
2012,3,81437452.46,crise,PLF,Recettes,Produits de l’assurance maladie,€
2012,4,75620491.57,crise,PLF,Recettes,Produits de l’assurance maladie,€
2012,5,46535687.12,crise,PLF,Recettes,Produits de l’assurance maladie,€
2012,6,17450882.67,crise,PLF,Recettes,Produits de l’assurance maladie,€
2012,7,34901765.34,crise,PLF,Recettes,Produits de l’assurance maladie,€
2012,8,75620491.57,crise,PLF,Recettes,Produits de l’assurance maladie,€
2012,9,34901765.34,crise,PLF,Recettes,Produits de l’assurance maladie,€
2012,10,29084804.45,crise,PLF,Recettes,Produits de l’assurance maladie,€
2012,11,40718726.23,crise,PLF,Recettes,Produits de l’assurance maladie,€
2012,12,46535687.12,crise,PLF,Recettes,Produits de l’assurance maladie,€
2012,1,4385420.6,normal,CFX,Recettes,Produits de l’assurance maladie,€
2012,2,3508336.48,normal,CFX,Recettes,Produits de l’assurance maladie,€
2012,3,3069794.42,normal,CFX,Recettes,Produits de l’assurance maladie,€
2012,4,2631252.36,normal,CFX,Recettes,Produits de l’assurance maladie,€
2012,5,2192710.3,normal,CFX,Recettes,Produits de l’assurance maladie,€
2012,6,3508336.48,normal,CFX,Recettes,Produits de l’assurance maladie,€
2012,7,3069794.42,normal,CFX,Recettes,Produits de l’assurance maladie,€
2012,8,3946878.54,normal,CFX,Recettes,Produits de l’assurance maladie,€
2012,9,3508336.48,normal,CFX,Recettes,Produits de l’assurance maladie,€
2012,10,3946878.54,normal,CFX,Recettes,Produits de l’assurance maladie,€
2012,11,4385420.6,normal,CFX,Recettes,Produits de l’assurance maladie,€
2012,12,5701046.78,normal,CFX,Recettes,Produits de l’assurance maladie,€
2012,1,3508336.48,crise,CFX,Recettes,Produits de l’assurance maladie,€
2012,2,3946878.54,crise,CFX,Recettes,Produits de l’assurance maladie,€
2012,3,6139588.84,crise,CFX,Recettes,Produits de l’assurance maladie,€
2012,4,5701046.78,crise,CFX,Recettes,Produits de l’assurance maladie,€
2012,5,3508336.48,crise,CFX,Recettes,Produits de l’assurance maladie,€
2012,6,1315626.18,crise,CFX,Recettes,Produits de l’assurance maladie,€
2012,7,2631252.36,crise,CFX,Recettes,Produits de l’assurance maladie,€
2012,8,5701046.78,crise,CFX,Recettes,Produits de l’assurance maladie,€
2012,9,2631252.36,crise,CFX,Recettes,Produits de l’assurance maladie,€
2012,10,2192710.3,crise,CFX,Recettes,Produits de l’assurance maladie,€
2012,11,3069794.42,crise,CFX,Recettes,Produits de l’assurance maladie,€
2012,12,3508336.48,crise,CFX,Recettes,Produits de l’assurance maladie,€
2013,1,58169608.9,normal,PLF,Recettes,Produits de l’assurance maladie,€
2013,2,46535687.12,normal,PLF,Recettes,Produits de l’assurance maladie,€
2013,3,40718726.23,normal,PLF,Recettes,Produits de l’assurance maladie,€
2013,4,34901765.34,normal,PLF,Recettes,Produits de l’assurance maladie,€
2013,5,29084804.45,normal,PLF,Recettes,Produits de l’assurance maladie,€
2013,6,46535687.12,normal,PLF,Recettes,Produits de l’assurance maladie,€
2013,7,40718726.23,normal,PLF,Recettes,Produits de l’assurance maladie,€
2013,8,52352648.01,normal,PLF,Recettes,Produits de l’assurance maladie,€
2013,9,46535687.12,normal,PLF,Recettes,Produits de l’assurance maladie,€
2013,10,52352648.01,normal,PLF,Recettes,Produits de l’assurance maladie,€
2013,11,58169608.9,normal,PLF,Recettes,Produits de l’assurance maladie,€
2013,12,75620491.57,normal,PLF,Recettes,Produits de l’assurance maladie,€
2013,1,46535687.12,crise,PLF,Recettes,Produits de l’assurance maladie,€
2013,2,52352648.01,crise,PLF,Recettes,Produits de l’assurance maladie,€
2013,3,81437452.46,crise,PLF,Recettes,Produits de l’assurance maladie,€
2013,4,75620491.57,crise,PLF,Recettes,Produits de l’assurance maladie,€
2013,5,46535687.12,crise,PLF,Recettes,Produits de l’assurance maladie,€
2013,6,17450882.67,crise,PLF,Recettes,Produits de l’assurance maladie,€
2013,7,34901765.34,crise,PLF,Recettes,Produits de l’assurance maladie,€
2013,8,75620491.57,crise,PLF,Recettes,Produits de l’assurance maladie,€
2013,9,34901765.34,crise,PLF,Recettes,Produits de l’assurance maladie,€
2013,10,29084804.45,crise,PLF,Recettes,Produits de l’assurance maladie,€
2013,11,40718726.23,crise,PLF,Recettes,Produits de l’assurance maladie,€
2013,12,46535687.12,crise,PLF,Recettes,Produits de l’assurance maladie,€
2013,1,4385420.6,normal,CFX,Recettes,Produits de l’assurance maladie,€
2013,2,3508336.48,normal,CFX,Recettes,Produits de l’assurance maladie,€
2013,3,3069794.42,normal,CFX,Recettes,Produits de l’assurance maladie,€
2013,4,2631252.36,normal,CFX,Recettes,Produits de l’assurance maladie,€
2013,5,2192710.3,normal,CFX,Recettes,Produits de l’assurance maladie,€
2013,6,3508336.48,normal,CFX,Recettes,Produits de l’assurance maladie,€
2013,7,3069794.42,normal,CFX,Recettes,Produits de l’assurance maladie,€
2013,8,3946878.54,normal,CFX,Recettes,Produits de l’assurance maladie,€
2013,9,3508336.48,normal,CFX,Recettes,Produits de l’assurance maladie,€
2013,10,3946878.54,normal,CFX,Recettes,Produits de l’assurance maladie,€
2013,11,4385420.6,normal,CFX,Recettes,Produits de l’assurance maladie,€
2013,12,5701046.78,normal,CFX,Recettes,Produits de l’assurance maladie,€
2013,1,3508336.48,crise,CFX,Recettes,Produits de l’assurance maladie,€
2013,2,3946878.54,crise,CFX,Recettes,Produits de l’assurance maladie,€
2013,3,6139588.84,crise,CFX,Recettes,Produits de l’assurance maladie,€
2013,4,5701046.78,crise,CFX,Recettes,Produits de l’assurance maladie,€
2013,5,3508336.48,crise,CFX,Recettes,Produits de l’assurance maladie,€
2013,6,1315626.18,crise,CFX,Recettes,Produits de l’assurance maladie,€
2013,7,2631252.36,crise,CFX,Recettes,Produits de l’assurance maladie,€
2013,8,5701046.78,crise,CFX,Recettes,Produits de l’assurance maladie,€
2013,9,2631252.36,crise,CFX,Recettes,Produits de l’assurance maladie,€
2013,10,2192710.3,crise,CFX,Recettes,Produits de l’assurance maladie,€
2013,11,3069794.42,crise,CFX,Recettes,Produits de l’assurance maladie,€
2013,12,3508336.48,crise,CFX,Recettes,Produits de l’assurance maladie,€
2011,1,6239140.4,normal,PLF,Recettes,Recettes subsidiaires,€
2011,2,4991312.32,normal,PLF,Recettes,Recettes subsidiaires,€
2011,3,4367398.28,normal,PLF,Recettes,Recettes subsidiaires,€
2011,4,3743484.24,normal,PLF,Recettes,Recettes subsidiaires,€
2011,5,3119570.2,normal,PLF,Recettes,Recettes subsidiaires,€
2011,6,4991312.32,normal,PLF,Recettes,Recettes subsidiaires,€
2011,7,4367398.28,normal,PLF,Recettes,Recettes subsidiaires,€
2011,8,5615226.36,normal,PLF,Recettes,Recettes subsidiaires,€
2011,9,4991312.32,normal,PLF,Recettes,Recettes subsidiaires,€
2011,10,5615226.36,normal,PLF,Recettes,Recettes subsidiaires,€
2011,11,6239140.4,normal,PLF,Recettes,Recettes subsidiaires,€
2011,12,8110882.52,normal,PLF,Recettes,Recettes subsidiaires,€
2011,1,4991312.32,crise,PLF,Recettes,Recettes subsidiaires,€
2011,2,5615226.36,crise,PLF,Recettes,Recettes subsidiaires,€
2011,3,8734796.56,crise,PLF,Recettes,Recettes subsidiaires,€
2011,4,8110882.52,crise,PLF,Recettes,Recettes subsidiaires,€
2011,5,4991312.32,crise,PLF,Recettes,Recettes subsidiaires,€
2011,6,1871742.12,crise,PLF,Recettes,Recettes subsidiaires,€
2011,7,3743484.24,crise,PLF,Recettes,Recettes subsidiaires,€
2011,8,8110882.52,crise,PLF,Recettes,Recettes subsidiaires,€
2011,9,3743484.24,crise,PLF,Recettes,Recettes subsidiaires,€
2011,10,3119570.2,crise,PLF,Recettes,Recettes subsidiaires,€
2011,11,4367398.28,crise,PLF,Recettes,Recettes subsidiaires,€
2011,12,4991312.32,crise,PLF,Recettes,Recettes subsidiaires,€
2011,1,831860.0,normal,CFX,Recettes,Recettes subsidiaires,€
2011,2,665488.0,normal,CFX,Recettes,Recettes subsidiaires,€
2011,3,582302.0,normal,CFX,Recettes,Recettes subsidiaires,€
2011,4,499116.0,normal,CFX,Recettes,Recettes subsidiaires,€
2011,5,415930.0,normal,CFX,Recettes,Recettes subsidiaires,€
2011,6,665488.0,normal,CFX,Recettes,Recettes subsidiaires,€
2011,7,582302.0,normal,CFX,Recettes,Recettes subsidiaires,€
2011,8,748674.0,normal,CFX,Recettes,Recettes subsidiaires,€
2011,9,665488.0,normal,CFX,Recettes,Recettes subsidiaires,€
2011,10,748674.0,normal,CFX,Recettes,Recettes subsidiaires,€
2011,11,831860.0,normal,CFX,Recettes,Recettes subsidiaires,€
2011,12,1081418.0,normal,CFX,Recettes,Recettes subsidiaires,€
2011,1,665488.0,crise,CFX,Recettes,Recettes subsidiaires,€
2011,2,748674.0,crise,CFX,Recettes,Recettes subsidiaires,€
2011,3,1164604.0,crise,CFX,Recettes,Recettes subsidiaires,€
2011,4,1081418.0,crise,CFX,Recettes,Recettes subsidiaires,€
2011,5,665488.0,crise,CFX,Recettes,Recettes subsidiaires,€
2011,6,249558.0,crise,CFX,Recettes,Recettes subsidiaires,€
2011,7,499116.0,crise,CFX,Recettes,Recettes subsidiaires,€
2011,8,1081418.0,crise,CFX,Recettes,Recettes subsidiaires,€
2011,9,499116.0,crise,CFX,Recettes,Recettes subsidiaires,€
2011,10,415930.0,crise,CFX,Recettes,Recettes subsidiaires,€
2011,11,582302.0,crise,CFX,Recettes,Recettes subsidiaires,€
2011,12,665488.0,crise,CFX,Recettes,Recettes subsidiaires,€
2012,1,6239140.4,normal,PLF,Recettes,Recettes subsidiaires,€
2012,2,4991312.32,normal,PLF,Recettes,Recettes subsidiaires,€
2012,3,4367398.28,normal,PLF,Recettes,Recettes subsidiaires,€
2012,4,3743484.24,normal,PLF,Recettes,Recettes subsidiaires,€
2012,5,3119570.2,normal,PLF,Recettes,Recettes subsidiaires,€
2012,6,4991312.32,normal,PLF,Recettes,Recettes subsidiaires,€
2012,7,4367398.28,normal,PLF,Recettes,Recettes subsidiaires,€
2012,8,5615226.36,normal,PLF,Recettes,Recettes subsidiaires,€
2012,9,4991312.32,normal,PLF,Recettes,Recettes subsidiaires,€
2012,10,5615226.36,normal,PLF,Recettes,Recettes subsidiaires,€
2012,11,6239140.4,normal,PLF,Recettes,Recettes subsidiaires,€
2012,12,8110882.52,normal,PLF,Recettes,Recettes subsidiaires,€
2012,1,4991312.32,crise,PLF,Recettes,Recettes subsidiaires,€
2012,2,5615226.36,crise,PLF,Recettes,Recettes subsidiaires,€
2012,3,8734796.56,crise,PLF,Recettes,Recettes subsidiaires,€
2012,4,8110882.52,crise,PLF,Recettes,Recettes subsidiaires,€
2012,5,4991312.32,crise,PLF,Recettes,Recettes subsidiaires,€
2012,6,1871742.12,crise,PLF,Recettes,Recettes subsidiaires,€
2012,7,3743484.24,crise,PLF,Recettes,Recettes subsidiaires,€
2012,8,8110882.52,crise,PLF,Recettes,Recettes subsidiaires,€
2012,9,3743484.24,crise,PLF,Recettes,Recettes subsidiaires,€
2012,10,3119570.2,crise,PLF,Recettes,Recettes subsidiaires,€
2012,11,4367398.28,crise,PLF,Recettes,Recettes subsidiaires,€
2012,12,4991312.32,crise,PLF,Recettes,Recettes subsidiaires,€
2012,1,831860.0,normal,CFX,Recettes,Recettes subsidiaires,€
2012,2,665488.0,normal,CFX,Recettes,Recettes subsidiaires,€
2012,3,582302.0,normal,CFX,Recettes,Recettes subsidiaires,€
2012,4,499116.0,normal,CFX,Recettes,Recettes subsidiaires,€
2012,5,415930.0,normal,CFX,Recettes,Recettes subsidiaires,€
2012,6,665488.0,normal,CFX,Recettes,Recettes subsidiaires,€
2012,7,582302.0,normal,CFX,Recettes,Recettes subsidiaires,€
2012,8,748674.0,normal,CFX,Recettes,Recettes subsidiaires,€
2012,9,665488.0,normal,CFX,Recettes,Recettes subsidiaires,€
2012,10,748674.0,normal,CFX,Recettes,Recettes subsidiaires,€
2012,11,831860.0,normal,CFX,Recettes,Recettes subsidiaires,€
2012,12,1081418.0,normal,CFX,Recettes,Recettes subsidiaires,€
2012,1,665488.0,crise,CFX,Recettes,Recettes subsidiaires,€
2012,2,748674.0,crise,CFX,Recettes,Recettes subsidiaires,€
2012,3,1164604.0,crise,CFX,Recettes,Recettes subsidiaires,€
2012,4,1081418.0,crise,CFX,Recettes,Recettes subsidiaires,€
2012,5,665488.0,crise,CFX,Recettes,Recettes subsidiaires,€
2012,6,249558.0,crise,CFX,Recettes,Recettes subsidiaires,€
2012,7,499116.0,crise,CFX,Recettes,Recettes subsidiaires,€
2012,8,1081418.0,crise,CFX,Recettes,Recettes subsidiaires,€
2012,9,499116.0,crise,CFX,Recettes,Recettes subsidiaires,€
2012,10,415930.0,crise,CFX,Recettes,Recettes subsidiaires,€
2012,11,582302.0,crise,CFX,Recettes,Recettes subsidiaires,€
2012,12,665488.0,crise,CFX,Recettes,Recettes subsidiaires,€
2013,1,7557760.27,normal,PLF,Recettes,Recettes subsidiaires,€
2013,2,6046208.21,normal,PLF,Recettes,Recettes subsidiaires,€
2013,3,5290432.19,normal,PLF,Recettes,Recettes subsidiaires,€
2013,4,4534656.16,normal,PLF,Recettes,Recettes subsidiaires,€
2013,5,3778880.13,normal,PLF,Recettes,Recettes subsidiaires,€
2013,6,6046208.21,normal,PLF,Recettes,Recettes subsidiaires,€
2013,7,5290432.19,normal,PLF,Recettes,Recettes subsidiaires,€
2013,8,6801984.24,normal,PLF,Recettes,Recettes subsidiaires,€
2013,9,6046208.21,normal,PLF,Recettes,Recettes subsidiaires,€
2013,10,6801984.24,normal,PLF,Recettes,Recettes subsidiaires,€
2013,11,7557760.27,normal,PLF,Recettes,Recettes subsidiaires,€
2013,12,9825088.35,normal,PLF,Recettes,Recettes subsidiaires,€
2013,1,6046208.21,crise,PLF,Recettes,Recettes subsidiaires,€
2013,2,6801984.24,crise,PLF,Recettes,Recettes subsidiaires,€
2013,3,10580864.37,crise,PLF,Recettes,Recettes subsidiaires,€
2013,4,9825088.35,crise,PLF,Recettes,Recettes subsidiaires,€
2013,5,6046208.21,crise,PLF,Recettes,Recettes subsidiaires,€
2013,6,2267328.08,crise,PLF,Recettes,Recettes subsidiaires,€
2013,7,4534656.16,crise,PLF,Recettes,Recettes subsidiaires,€
2013,8,9825088.35,crise,PLF,Recettes,Recettes subsidiaires,€
2013,9,4534656.16,crise,PLF,Recettes,Recettes subsidiaires,€
2013,10,3778880.13,crise,PLF,Recettes,Recettes subsidiaires,€
2013,11,5290432.19,crise,PLF,Recettes,Recettes subsidiaires,€
2013,12,6046208.21,crise,PLF,Recettes,Recettes subsidiaires,€
2013,1,832573.33,normal,CFX,Recettes,Recettes subsidiaires,€
2013,2,666058.67,normal,CFX,Recettes,Recettes subsidiaires,€
2013,3,582801.33,normal,CFX,Recettes,Recettes subsidiaires,€
2013,4,499544.0,normal,CFX,Recettes,Recettes subsidiaires,€
2013,5,416286.67,normal,CFX,Recettes,Recettes subsidiaires,€
2013,6,666058.67,normal,CFX,Recettes,Recettes subsidiaires,€
2013,7,582801.33,normal,CFX,Recettes,Recettes subsidiaires,€
2013,8,749316.0,normal,CFX,Recettes,Recettes subsidiaires,€
2013,9,666058.67,normal,CFX,Recettes,Recettes subsidiaires,€
2013,10,749316.0,normal,CFX,Recettes,Recettes subsidiaires,€
2013,11,832573.33,normal,CFX,Recettes,Recettes subsidiaires,€
2013,12,1082345.33,normal,CFX,Recettes,Recettes subsidiaires,€
2013,1,666058.67,crise,CFX,Recettes,Recettes subsidiaires,€
2013,2,749316.0,crise,CFX,Recettes,Recettes subsidiaires,€
2013,3,1165602.67,crise,CFX,Recettes,Recettes subsidiaires,€
2013,4,1082345.33,crise,CFX,Recettes,Recettes subsidiaires,€
2013,5,666058.67,crise,CFX,Recettes,Recettes subsidiaires,€
2013,6,249772.0,crise,CFX,Recettes,Recettes subsidiaires,€
2013,7,499544.0,crise,CFX,Recettes,Recettes subsidiaires,€
2013,8,1082345.33,crise,CFX,Recettes,Recettes subsidiaires,€
2013,9,499544.0,crise,CFX,Recettes,Recettes subsidiaires,€
2013,10,416286.67,crise,CFX,Recettes,Recettes subsidiaires,€
2013,11,582801.33,crise,CFX,Recettes,Recettes subsidiaires,€
2013,12,666058.67,crise,CFX,Recettes,Recettes subsidiaires,€
2014,1,8876380.13,normal,PLF,Recettes,Recettes subsidiaires,€
2014,2,7101104.11,normal,PLF,Recettes,Recettes subsidiaires,€
2014,3,6213466.09,normal,PLF,Recettes,Recettes subsidiaires,€
2014,4,5325828.08,normal,PLF,Recettes,Recettes subsidiaires,€
2014,5,4438190.07,normal,PLF,Recettes,Recettes subsidiaires,€
2014,6,7101104.11,normal,PLF,Recettes,Recettes subsidiaires,€
2014,7,6213466.09,normal,PLF,Recettes,Recettes subsidiaires,€
2014,8,7988742.12,normal,PLF,Recettes,Recettes subsidiaires,€
2014,9,7101104.11,normal,PLF,Recettes,Recettes subsidiaires,€
2014,10,7988742.12,normal,PLF,Recettes,Recettes subsidiaires,€
2014,11,8876380.13,normal,PLF,Recettes,Recettes subsidiaires,€
2014,12,11539294.17,normal,PLF,Recettes,Recettes subsidiaires,€
2014,1,7101104.11,crise,PLF,Recettes,Recettes subsidiaires,€
2014,2,7988742.12,crise,PLF,Recettes,Recettes subsidiaires,€
2014,3,12426932.19,crise,PLF,Recettes,Recettes subsidiaires,€
2014,4,11539294.17,crise,PLF,Recettes,Recettes subsidiaires,€
2014,5,7101104.11,crise,PLF,Recettes,Recettes subsidiaires,€
2014,6,2662914.04,crise,PLF,Recettes,Recettes subsidiaires,€
2014,7,5325828.08,crise,PLF,Recettes,Recettes subsidiaires,€
2014,8,11539294.17,crise,PLF,Recettes,Recettes subsidiaires,€
2014,9,5325828.08,crise,PLF,Recettes,Recettes subsidiaires,€
2014,10,4438190.07,crise,PLF,Recettes,Recettes subsidiaires,€
2014,11,6213466.09,crise,PLF,Recettes,Recettes subsidiaires,€
2014,12,7101104.11,crise,PLF,Recettes,Recettes subsidiaires,€
2014,1,833286.67,normal,CFX,Recettes,Recettes subsidiaires,€
2014,2,666629.33,normal,CFX,Recettes,Recettes subsidiaires,€
2014,3,583300.67,normal,CFX,Recettes,Recettes subsidiaires,€
2014,4,499972.0,normal,CFX,Recettes,Recettes subsidiaires,€
2014,5,416643.33,normal,CFX,Recettes,Recettes subsidiaires,€
2014,6,666629.33,normal,CFX,Recettes,Recettes subsidiaires,€
2014,7,583300.67,normal,CFX,Recettes,Recettes subsidiaires,€
2014,8,749958.0,normal,CFX,Recettes,Recettes subsidiaires,€
2014,9,666629.33,normal,CFX,Recettes,Recettes subsidiaires,€
2014,10,749958.0,normal,CFX,Recettes,Recettes subsidiaires,€
2014,11,833286.67,normal,CFX,Recettes,Recettes subsidiaires,€
2014,12,1083272.67,normal,CFX,Recettes,Recettes subsidiaires,€
2014,1,666629.33,crise,CFX,Recettes,Recettes subsidiaires,€
2014,2,749958.0,crise,CFX,Recettes,Recettes subsidiaires,€
2014,3,1166601.33,crise,CFX,Recettes,Recettes subsidiaires,€
2014,4,1083272.67,crise,CFX,Recettes,Recettes subsidiaires,€
2014,5,666629.33,crise,CFX,Recettes,Recettes subsidiaires,€
2014,6,249986.0,crise,CFX,Recettes,Recettes subsidiaires,€
2014,7,499972.0,crise,CFX,Recettes,Recettes subsidiaires,€
2014,8,1083272.67,crise,CFX,Recettes,Recettes subsidiaires,€
2014,9,499972.0,crise,CFX,Recettes,Recettes subsidiaires,€
2014,10,416643.33,crise,CFX,Recettes,Recettes subsidiaires,€
2014,11,583300.67,crise,CFX,Recettes,Recettes subsidiaires,€
2014,12,666629.33,crise,CFX,Recettes,Recettes subsidiaires,€
2015,1,10195000.0,normal,PLF,Recettes,Recettes subsidiaires,€
2015,2,8156000.0,normal,PLF,Recettes,Recettes subsidiaires,€
2015,3,7136500.0,normal,PLF,Recettes,Recettes subsidiaires,€
2015,4,6117000.0,normal,PLF,Recettes,Recettes subsidiaires,€
2015,5,5097500.0,normal,PLF,Recettes,Recettes subsidiaires,€
2015,6,8156000.0,normal,PLF,Recettes,Recettes subsidiaires,€
2015,7,7136500.0,normal,PLF,Recettes,Recettes subsidiaires,€
2015,8,9175500.0,normal,PLF,Recettes,Recettes subsidiaires,€
2015,9,8156000.0,normal,PLF,Recettes,Recettes subsidiaires,€
2015,10,9175500.0,normal,PLF,Recettes,Recettes subsidiaires,€
2015,11,10195000.0,normal,PLF,Recettes,Recettes subsidiaires,€
2015,12,13253500.0,normal,PLF,Recettes,Recettes subsidiaires,€
2015,1,8156000.0,crise,PLF,Recettes,Recettes subsidiaires,€
2015,2,9175500.0,crise,PLF,Recettes,Recettes subsidiaires,€
2015,3,14273000.0,crise,PLF,Recettes,Recettes subsidiaires,€
2015,4,13253500.0,crise,PLF,Recettes,Recettes subsidiaires,€
2015,5,8156000.0,crise,PLF,Recettes,Recettes subsidiaires,€
2015,6,3058500.0,crise,PLF,Recettes,Recettes subsidiaires,€
2015,7,6117000.0,crise,PLF,Recettes,Recettes subsidiaires,€
2015,8,13253500.0,crise,PLF,Recettes,Recettes subsidiaires,€
2015,9,6117000.0,crise,PLF,Recettes,Recettes subsidiaires,€
2015,10,5097500.0,crise,PLF,Recettes,Recettes subsidiaires,€
2015,11,7136500.0,crise,PLF,Recettes,Recettes subsidiaires,€
2015,12,8156000.0,crise,PLF,Recettes,Recettes subsidiaires,€
2015,1,834000.0,normal,CFX,Recettes,Recettes subsidiaires,€
2015,2,667200.0,normal,CFX,Recettes,Recettes subsidiaires,€
2015,3,583800.0,normal,CFX,Recettes,Recettes subsidiaires,€
2015,4,500400.0,normal,CFX,Recettes,Recettes subsidiaires,€
2015,5,417000.0,normal,CFX,Recettes,Recettes subsidiaires,€
2015,6,667200.0,normal,CFX,Recettes,Recettes subsidiaires,€
2015,7,583800.0,normal,CFX,Recettes,Recettes subsidiaires,€
2015,8,750600.0,normal,CFX,Recettes,Recettes subsidiaires,€
2015,9,667200.0,normal,CFX,Recettes,Recettes subsidiaires,€
2015,10,750600.0,normal,CFX,Recettes,Recettes subsidiaires,€
2015,11,834000.0,normal,CFX,Recettes,Recettes subsidiaires,€
2015,12,1084200.0,normal,CFX,Recettes,Recettes subsidiaires,€
2015,1,667200.0,crise,CFX,Recettes,Recettes subsidiaires,€
2015,2,750600.0,crise,CFX,Recettes,Recettes subsidiaires,€
2015,3,1167600.0,crise,CFX,Recettes,Recettes subsidiaires,€
2015,4,1084200.0,crise,CFX,Recettes,Recettes subsidiaires,€
2015,5,667200.0,crise,CFX,Recettes,Recettes subsidiaires,€
2015,6,250200.0,crise,CFX,Recettes,Recettes subsidiaires,€
2015,7,500400.0,crise,CFX,Recettes,Recettes subsidiaires,€
2015,8,1084200.0,crise,CFX,Recettes,Recettes subsidiaires,€
2015,9,500400.0,crise,CFX,Recettes,Recettes subsidiaires,€
2015,10,417000.0,crise,CFX,Recettes,Recettes subsidiaires,€
2015,11,583800.0,crise,CFX,Recettes,Recettes subsidiaires,€
2015,12,667200.0,crise,CFX,Recettes,Recettes subsidiaires,€
2016,1,10195000.0,normal,PLF,Recettes,Recettes subsidiaires,€
2016,2,8156000.0,normal,PLF,Recettes,Recettes subsidiaires,€
2016,3,7136500.0,normal,PLF,Recettes,Recettes subsidiaires,€
2016,4,6117000.0,normal,PLF,Recettes,Recettes subsidiaires,€
2016,5,5097500.0,normal,PLF,Recettes,Recettes subsidiaires,€
2016,6,8156000.0,normal,PLF,Recettes,Recettes subsidiaires,€
2016,7,7136500.0,normal,PLF,Recettes,Recettes subsidiaires,€
2016,8,9175500.0,normal,PLF,Recettes,Recettes subsidiaires,€
2016,9,8156000.0,normal,PLF,Recettes,Recettes subsidiaires,€
2016,10,9175500.0,normal,PLF,Recettes,Recettes subsidiaires,€
2016,11,10195000.0,normal,PLF,Recettes,Recettes subsidiaires,€
2016,12,13253500.0,normal,PLF,Recettes,Recettes subsidiaires,€
2016,1,8156000.0,crise,PLF,Recettes,Recettes subsidiaires,€
2016,2,9175500.0,crise,PLF,Recettes,Recettes subsidiaires,€
2016,3,14273000.0,crise,PLF,Recettes,Recettes subsidiaires,€
2016,4,13253500.0,crise,PLF,Recettes,Recettes subsidiaires,€
2016,5,8156000.0,crise,PLF,Recettes,Recettes subsidiaires,€
2016,6,3058500.0,crise,PLF,Recettes,Recettes subsidiaires,€
2016,7,6117000.0,crise,PLF,Recettes,Recettes subsidiaires,€
2016,8,13253500.0,crise,PLF,Recettes,Recettes subsidiaires,€
2016,9,6117000.0,crise,PLF,Recettes,Recettes subsidiaires,€
2016,10,5097500.0,crise,PLF,Recettes,Recettes subsidiaires,€
2016,11,7136500.0,crise,PLF,Recettes,Recettes subsidiaires,€
2016,12,8156000.0,crise,PLF,Recettes,Recettes subsidiaires,€
2016,1,834000.0,normal,CFX,Recettes,Recettes subsidiaires,€
2016,2,667200.0,normal,CFX,Recettes,Recettes subsidiaires,€
2016,3,583800.0,normal,CFX,Recettes,Recettes subsidiaires,€
2016,4,500400.0,normal,CFX,Recettes,Recettes subsidiaires,€
2016,5,417000.0,normal,CFX,Recettes,Recettes subsidiaires,€
2016,6,667200.0,normal,CFX,Recettes,Recettes subsidiaires,€
2016,7,583800.0,normal,CFX,Recettes,Recettes subsidiaires,€
2016,8,750600.0,normal,CFX,Recettes,Recettes subsidiaires,€
2016,9,667200.0,normal,CFX,Recettes,Recettes subsidiaires,€
2016,10,750600.0,normal,CFX,Recettes,Recettes subsidiaires,€
2016,11,834000.0,normal,CFX,Recettes,Recettes subsidiaires,€
2016,12,1084200.0,normal,CFX,Recettes,Recettes subsidiaires,€
2016,1,667200.0,crise,CFX,Recettes,Recettes subsidiaires,€
2016,2,750600.0,crise,CFX,Recettes,Recettes subsidiaires,€
2016,3,1167600.0,crise,CFX,Recettes,Recettes subsidiaires,€
2016,4,1084200.0,crise,CFX,Recettes,Recettes subsidiaires,€
2016,5,667200.0,crise,CFX,Recettes,Recettes subsidiaires,€
2016,6,250200.0,crise,CFX,Recettes,Recettes subsidiaires,€
2016,7,500400.0,crise,CFX,Recettes,Recettes subsidiaires,€
2016,8,1084200.0,crise,CFX,Recettes,Recettes subsidiaires,€
2016,9,500400.0,crise,CFX,Recettes,Recettes subsidiaires,€
2016,10,417000.0,crise,CFX,Recettes,Recettes subsidiaires,€
2016,11,583800.0,crise,CFX,Recettes,Recettes subsidiaires,€
2016,12,667200.0,crise,CFX,Recettes,Recettes subsidiaires,€
